
                        S T E P       1


                                INCREMENT     1


 displacements (vx,vy,vz) for set MID and time  0.1000000E+01

        17  1.406147E-16 -1.568065E-14 -4.707387E-02

 stresses (elem, integ.pnt.,sxx,syy,szz,sxy,sxz,syz) for set MEMBER and time  0.1000000E+01

         1   1 -3.160452E-02  4.196194E-03 -1.544847E-04 -5.629702E-03 -9.420052E-02 -1.316449E-03
         1   2 -1.236513E-01 -3.943200E-03 -2.484662E-03 -4.337686E-03 -8.534274E-02  3.876698E-04
         1   3 -2.114634E-01 -2.201746E-03 -5.801896E-04 -3.045669E-03 -9.536322E-02  3.979294E-04
         1   4  3.661447E-14 -4.321899E-15 -1.000216E-14 -9.511504E-15 -1.038582E-01 -1.316449E-03
         1   5  7.472629E-14 -2.698077E-15 -6.728753E-15 -4.614916E-15 -9.500045E-02  3.876698E-04
         1   6  1.072128E-13 -4.964111E-15 -1.831659E-14 -1.046396E-14 -1.050209E-01  3.979294E-04
         1   7  3.160452E-02 -4.196194E-03  1.544847E-04  5.629702E-03 -9.420052E-02 -1.316449E-03
         1   8  1.236513E-01  3.943200E-03  2.484662E-03  4.337686E-03 -8.534274E-02  3.876698E-04
         1   9  2.114634E-01  2.201746E-03  5.801896E-04  3.045669E-03 -9.536322E-02  3.979294E-04
         1  10 -2.331203E-02  7.750119E-03  3.399440E-03  7.036079E-14 -9.036411E-02 -5.945030E-14
         1  11 -1.153588E-01 -3.892747E-04  1.069264E-03  5.845998E-14 -8.019829E-02 -1.145217E-14
         1  12 -2.031709E-01  1.352179E-03  2.973736E-03  3.651133E-14 -8.891073E-02 -2.310791E-15
         1  13  3.457945E-14  9.808403E-16  4.427630E-16 -1.369683E-14 -1.000218E-01 -6.179909E-14
         1  14  3.745636E-14  7.087188E-16  8.178205E-16 -7.304565E-15 -8.985600E-02 -7.848073E-15
         1  15  3.778458E-14 -3.792954E-16 -6.486883E-15 -1.254355E-14 -9.856843E-02  4.328292E-15
         1  16  2.331203E-02 -7.750119E-03 -3.399440E-03 -1.155006E-13 -9.036411E-02 -6.638588E-14
         1  17  1.153588E-01  3.892747E-04 -1.069264E-03 -9.508861E-14 -8.019829E-02 -9.862159E-15
         1  18  2.031709E-01 -1.352179E-03 -2.973736E-03 -8.715974E-14 -8.891073E-02  3.246325E-16
         1  19 -3.160452E-02  4.196194E-03 -1.544847E-04  5.629702E-03 -9.420052E-02  1.316449E-03
         1  20 -1.236513E-01 -3.943200E-03 -2.484662E-03  4.337686E-03 -8.534274E-02 -3.876698E-04
         1  21 -2.114634E-01 -2.201746E-03 -5.801896E-04  3.045669E-03 -9.536322E-02 -3.979294E-04
         1  22  3.045530E-14  5.285873E-15  9.665023E-15 -1.367983E-14 -1.038582E-01  1.316449E-03
         1  23 -2.727365E-15  1.751167E-15  3.387770E-15 -6.905278E-15 -9.500045E-02 -3.876698E-04
         1  24 -3.161396E-14  2.596440E-15 -6.432452E-17 -1.107154E-14 -1.050209E-01 -3.979294E-04
         1  25  3.160452E-02 -4.196194E-03  1.544847E-04 -5.629702E-03 -9.420052E-02  1.316449E-03
         1  26  1.236513E-01  3.943200E-03  2.484662E-03 -4.337686E-03 -8.534274E-02 -3.876698E-04
         1  27  2.114634E-01  2.201746E-03  5.801896E-04 -3.045669E-03 -9.536322E-02 -3.979294E-04
         2   1 -2.660599E-01 -9.183822E-04 -5.229539E-04 -7.422992E-04 -9.563634E-02  3.587729E-05
         2   2 -3.558137E-01  5.110252E-04  4.138938E-04 -1.105336E-03 -8.595655E-02 -5.335976E-05
         2   3 -4.458457E-01  1.291307E-03  1.072545E-03 -1.468373E-03 -9.548578E-02 -3.131819E-05
         2   4  1.309254E-13 -1.819977E-16 -1.876485E-14 -8.724020E-15 -1.051925E-01  3.587729E-05
         2   5  1.481838E-13  3.143784E-15 -1.436838E-14 -5.100757E-15 -9.551271E-02 -5.335976E-05
         2   6  1.630011E-13  1.264207E-15 -1.053152E-14 -7.703152E-15 -1.050419E-01 -3.131819E-05
         2   7  2.660599E-01  9.183822E-04  5.229539E-04  7.422992E-04 -9.563634E-02  3.587729E-05
         2   8  3.558137E-01 -5.110252E-04 -4.138938E-04  1.105336E-03 -8.595655E-02 -5.335976E-05
         2   9  4.458457E-01 -1.291307E-03 -1.072545E-03  1.468373E-03 -9.548578E-02 -3.131819E-05
         2  10 -2.671337E-01 -1.378583E-03 -9.831546E-04  4.851551E-14 -8.883626E-02 -8.539750E-15
         2  11 -3.568875E-01  5.082453E-05 -4.630682E-05  5.763750E-14 -7.932584E-02 -8.376918E-15
         2  12 -4.469195E-01  8.311067E-04  6.123444E-04  5.830801E-14 -8.902445E-02  2.742124E-15
         2  13  3.983523E-14  1.182613E-15 -8.328371E-15 -1.041199E-14 -9.839242E-02  1.881482E-16
         2  14  3.485746E-14 -5.805230E-16 -8.927625E-15 -7.253639E-15 -8.888201E-02  2.126910E-15
         2  15  3.078138E-14 -5.279590E-15 -5.957048E-15 -1.079765E-14 -9.858062E-02  1.158329E-14
         2  16  2.671337E-01  1.378583E-03  9.831546E-04 -8.891134E-14 -8.883626E-02 -3.847931E-15
         2  17  3.568875E-01 -5.082453E-05  4.630682E-05 -8.944080E-14 -7.932584E-02  1.722334E-15
         2  18  4.469195E-01 -8.311067E-04 -6.123444E-04 -9.604371E-14 -8.902445E-02  1.492499E-14
         2  19 -2.660599E-01 -9.183822E-04 -5.229539E-04  7.422992E-04 -9.563634E-02 -3.587729E-05
         2  20 -3.558137E-01  5.110252E-04  4.138938E-04  1.105336E-03 -8.595655E-02  5.335976E-05
         2  21 -4.458457E-01  1.291307E-03  1.072545E-03  1.468373E-03 -9.548578E-02  3.131819E-05
         2  22 -5.406636E-14 -5.463811E-16 -5.355455E-15 -9.733199E-15 -1.051925E-01 -3.587729E-05
         2  23 -7.750462E-14 -5.521320E-15 -8.543105E-15 -8.057127E-15 -9.551271E-02  5.335976E-05
         2  24 -9.240285E-14 -7.741518E-15  3.308611E-15 -1.355584E-14 -1.050419E-01  3.131819E-05
         2  25  2.660599E-01  9.183822E-04  5.229539E-04 -7.422992E-04 -9.563634E-02 -3.587729E-05
         2  26  3.558137E-01 -5.110252E-04 -4.138938E-04 -1.105336E-03 -8.595655E-02  5.335976E-05
         2  27  4.458457E-01 -1.291307E-03 -1.072545E-03 -1.468373E-03 -9.548578E-02  3.131819E-05
         3   1 -5.041203E-01 -8.988857E-04 -1.027479E-03 -1.646687E-03 -9.541737E-02  1.281765E-07
         3   2 -5.940423E-01 -9.034564E-05 -7.638511E-05 -1.594661E-03 -8.582681E-02 -5.302491E-07
         3   3 -6.839067E-01  8.524115E-04  9.322309E-04 -1.542635E-03 -9.544236E-02 -2.419732E-05
         3   4  1.855907E-13  4.133548E-15 -1.281048E-14 -1.111238E-14 -1.050610E-01  1.281765E-07
         3   5  1.900816E-13 -2.719235E-15 -2.419165E-14 -7.458928E-15 -9.547040E-02 -5.302491E-07
         3   6  2.072516E-13 -1.309935E-15 -3.854783E-16 -9.149746E-15 -1.050859E-01 -2.419732E-05
         3   7  5.041203E-01  8.988857E-04  1.027479E-03  1.646687E-03 -9.541737E-02  1.281765E-07
         3   8  5.940423E-01  9.034564E-05  7.638511E-05  1.594661E-03 -8.582681E-02 -5.302491E-07
         3   9  6.839067E-01 -8.524115E-04 -9.322309E-04  1.542635E-03 -9.544236E-02 -2.419732E-05
         3  10 -5.039421E-01 -8.225095E-04 -9.511032E-04  7.336060E-14 -8.902108E-02  6.745669E-15
         3  11 -5.938641E-01 -1.396939E-05 -8.858124E-09  8.355618E-14 -7.940242E-02  6.396149E-15
         3  12 -6.837285E-01  9.287878E-04  1.008607E-03  8.662750E-14 -8.898985E-02  1.135431E-15
         3  13  3.144393E-14 -3.619613E-15 -3.036828E-15 -9.882575E-15 -9.866467E-02  7.046344E-15
         3  14  2.816318E-14  9.486410E-16 -1.939069E-15 -7.903272E-15 -8.904600E-02 -5.623140E-15
         3  15  1.663103E-14 -4.158370E-15 -4.440539E-15 -1.180994E-14 -9.863344E-02 -1.809849E-15
         3  16  5.039421E-01  8.225095E-04  9.511032E-04 -9.487831E-14 -8.902108E-02  7.936496E-15
         3  17  5.938641E-01  1.396939E-05  8.858107E-09 -9.138383E-14 -7.940242E-02 -1.008711E-14
         3  18  6.837285E-01 -9.287878E-04 -1.008607E-03 -9.476303E-14 -8.898985E-02 -9.920463E-16
         3  19 -5.041203E-01 -8.988857E-04 -1.027479E-03  1.646687E-03 -9.541737E-02 -1.281765E-07
         3  20 -5.940423E-01 -9.034564E-05 -7.638511E-05  1.594661E-03 -8.582681E-02  5.302491E-07
         3  21 -6.839067E-01  8.524115E-04  9.322309E-04  1.542635E-03 -9.544236E-02  2.419732E-05
         3  22 -1.200475E-13 -1.119746E-14  4.739982E-15 -3.664158E-15 -1.050610E-01 -1.281765E-07
         3  23 -1.375929E-13  1.317670E-15  1.319202E-14 -4.008933E-15 -9.547040E-02  5.302491E-07
         3  24 -1.637263E-13 -1.143494E-15  8.782151E-16 -1.084765E-14 -1.050859E-01  2.419732E-05
         3  25  5.041203E-01  8.988857E-04  1.027479E-03 -1.646687E-03 -9.541737E-02 -1.281765E-07
         3  26  5.940423E-01  9.034564E-05  7.638511E-05 -1.594661E-03 -8.582681E-02  5.302491E-07
         3  27  6.839067E-01 -8.524115E-04 -9.322309E-04 -1.542635E-03 -9.544236E-02  2.419732E-05
         4   1 -7.415787E-01 -8.542774E-04 -8.355765E-04 -1.574054E-03 -9.550401E-02 -1.822270E-05
         4   2 -8.314446E-01  1.076085E-04 -5.071623E-05 -1.609847E-03 -8.589701E-02  5.563590E-05
         4   3 -9.213679E-01  9.356768E-04  6.767936E-04 -1.645640E-03 -9.548339E-02  1.524347E-04
         4   4  1.869835E-13 -7.394135E-15  3.359754E-15 -1.265202E-14 -1.050678E-01 -1.822270E-05
         4   5  2.113544E-13  6.415942E-15  2.006907E-15 -3.321499E-15 -9.546081E-02  5.563590E-05
         4   6  2.153132E-13 -1.883527E-15 -3.104630E-14  1.791925E-15 -1.050472E-01  1.524347E-04
         4   7  7.415787E-01  8.542774E-04  8.355765E-04  1.574054E-03 -9.550401E-02 -1.822270E-05
         4   8  8.314446E-01 -1.076085E-04  5.071623E-05  1.609847E-03 -8.589701E-02  5.563590E-05
         4   9  9.213679E-01 -9.356768E-04 -6.767936E-04  1.645640E-03 -9.548339E-02  1.524347E-04
         4  10 -7.417258E-01 -9.173207E-04 -8.986198E-04  8.564730E-14 -8.898621E-02 -9.158245E-15
         4  11 -8.315917E-01  4.456518E-05 -1.137595E-04  8.571538E-14 -7.940241E-02 -1.848736E-14
         4  12 -9.215150E-01  8.726335E-04  6.137503E-04  8.202580E-14 -8.901199E-02  1.280328E-14
         4  13  2.138607E-14 -1.546643E-15 -5.432294E-15 -8.769417E-15 -9.855001E-02 -9.303207E-15
         4  14  2.771432E-14  7.016373E-15 -2.387931E-15 -2.280947E-15 -8.896621E-02 -1.037525E-14
         4  15  2.948233E-14  6.033470E-15 -4.998430E-15 -2.435334E-16 -9.857579E-02  5.956933E-15
         4  16  7.417258E-01  9.173207E-04  8.986198E-04 -9.624952E-14 -8.898621E-02  2.584291E-15
         4  17  8.315917E-01 -4.456518E-05  1.137595E-04 -9.629841E-14 -7.940241E-02  2.920413E-15
         4  18  9.215150E-01 -8.726335E-04 -6.137503E-04 -1.022289E-13 -8.901199E-02 -4.079067E-15
         4  19 -7.415787E-01 -8.542774E-04 -8.355765E-04  1.574054E-03 -9.550401E-02  1.822270E-05
         4  20 -8.314446E-01  1.076085E-04 -5.071623E-05  1.609847E-03 -8.589701E-02 -5.563590E-05
         4  21 -9.213679E-01  9.356768E-04  6.767936E-04  1.645640E-03 -9.548339E-02 -1.524347E-04
         4  22 -1.430087E-13  1.039078E-14  5.039599E-15 -5.138323E-15 -1.050678E-01  1.822270E-05
         4  23 -1.622262E-13  3.496987E-15 -1.417792E-14 -1.769604E-15 -9.546081E-02 -5.563590E-05
         4  24 -1.555864E-13  1.582010E-14  2.646379E-14 -3.171415E-15 -1.050472E-01 -1.524347E-04
         4  25  7.415787E-01  8.542774E-04  8.355765E-04 -1.574054E-03 -9.550401E-02  1.822270E-05
         4  26  8.314446E-01 -1.076085E-04  5.071623E-05 -1.609847E-03 -8.589701E-02 -5.563590E-05
         4  27  9.213679E-01 -9.356768E-04 -6.767936E-04 -1.645640E-03 -9.548339E-02 -1.524347E-04
         5   1 -9.794220E-01 -1.170245E-03 -1.137454E-03 -1.364059E-03 -9.523301E-02  8.938113E-05
         5   2 -1.069433E+00 -4.760940E-04  3.986267E-04 -1.234994E-03 -8.564650E-02 -3.023897E-04
         5   3 -1.159198E+00  7.917349E-04  2.180569E-03 -1.105930E-03 -9.531493E-02 -7.925053E-04
         5   4  2.667413E-13  1.414842E-14 -1.676719E-14 -1.254651E-15 -1.051016E-01  8.938113E-05
         5   5  2.855110E-13  7.956606E-15 -2.153189E-14 -2.829834E-15 -9.551509E-02 -3.023897E-04
         5   6  2.756185E-13 -2.853522E-14 -8.916603E-14 -1.126023E-14 -1.051835E-01 -7.925053E-04
         5   7  9.794220E-01  1.170245E-03  1.137454E-03  1.364059E-03 -9.523301E-02  8.938113E-05
         5   8  1.069433E+00  4.760940E-04 -3.986267E-04  1.234994E-03 -8.564650E-02 -3.023897E-04
         5   9  1.159198E+00 -7.917349E-04 -2.180569E-03  1.105930E-03 -9.531493E-02 -7.925053E-04
         5  10 -9.788377E-01 -9.198491E-04 -8.870583E-04  7.350760E-14 -8.905095E-02  1.743924E-14
         5  11 -1.068848E+00 -2.256983E-04  6.490224E-04  8.154676E-14 -7.937229E-02 -7.190776E-15
         5  12 -1.158613E+00  1.042131E-03  2.430965E-03  8.703777E-14 -8.894855E-02 -2.131247E-14
         5  13  2.435242E-14  3.550462E-15 -3.013258E-15 -4.231915E-15 -9.891954E-02  3.891718E-15
         5  14  2.927900E-14  5.194158E-15  4.649885E-15 -5.066317E-15 -8.924087E-02  5.004843E-16
         5  15  2.124856E-14 -8.800135E-15 -1.761070E-14 -1.256446E-14 -9.881714E-02 -2.776077E-16
         5  16  9.788377E-01  9.198491E-04  8.870583E-04 -1.123844E-13 -8.905095E-02 -3.215173E-15
         5  17  1.068848E+00  2.256983E-04 -6.490224E-04 -1.034433E-13 -7.937229E-02 -2.075569E-14
         5  18  1.158613E+00 -1.042131E-03 -2.430965E-03 -1.063395E-13 -8.894855E-02 -4.206860E-14
         5  19 -9.794220E-01 -1.170245E-03 -1.137454E-03  1.364059E-03 -9.523301E-02 -8.938113E-05
         5  20 -1.069433E+00 -4.760940E-04  3.986267E-04  1.234994E-03 -8.564650E-02  3.023897E-04
         5  21 -1.159198E+00  7.917349E-04  2.180569E-03  1.105930E-03 -9.531493E-02  7.925053E-04
         5  22 -2.088486E-13 -3.867335E-16  2.403334E-14 -2.490075E-15 -1.051016E-01 -8.938113E-05
         5  23 -2.257216E-13 -1.262657E-15  1.728565E-14 -3.038095E-15 -9.551509E-02  3.023897E-04
         5  24 -2.473312E-13 -8.264858E-15  4.433059E-15 -9.913015E-15 -1.051835E-01  7.925053E-04
         5  25  9.794220E-01  1.170245E-03  1.137454E-03 -1.364059E-03 -9.523301E-02 -8.938113E-05
         5  26  1.069433E+00  4.760940E-04 -3.986267E-04 -1.234994E-03 -8.564650E-02  3.023897E-04
         5  27  1.159198E+00 -7.917349E-04 -2.180569E-03 -1.105930E-03 -9.531493E-02  7.925053E-04
         6   1 -1.215926E+00  2.327512E-04  1.505446E-04 -2.460950E-03 -9.663188E-02 -4.405575E-04
         6   2 -1.305306E+00  2.182118E-03 -2.325978E-03 -2.949904E-03 -8.698935E-02  1.602057E-03
         6   3 -1.395770E+00  1.605182E-03 -5.885201E-03 -3.438858E-03 -9.629231E-02  4.077752E-03
         6   4  2.644384E-13 -3.464504E-14 -8.474764E-14 -1.963341E-14 -1.049057E-01 -4.405575E-04
         6   5  2.829584E-13 -6.482844E-15 -6.707292E-15 -1.888407E-14 -9.526321E-02  1.602057E-03
         6   6  2.699758E-13 -1.356037E-14 -4.365117E-15 -1.347186E-14 -1.045662E-01  4.077752E-03
         6   7  1.215926E+00 -2.327512E-04 -1.505446E-04  2.460950E-03 -9.663188E-02 -4.405575E-04
         6   8  1.305306E+00 -2.182118E-03  2.325978E-03  2.949904E-03 -8.698935E-02  1.602057E-03
         6   9  1.395770E+00 -1.605182E-03  5.885201E-03  3.438858E-03 -9.629231E-02  4.077752E-03
         6  10 -1.218348E+00 -8.051912E-04 -8.873977E-04  8.913703E-14 -8.874237E-02 -3.702445E-14
         6  11 -1.307728E+00  1.144176E-03 -3.363920E-03  6.400224E-14 -7.948186E-02 -4.757986E-14
         6  12 -1.398192E+00  5.672396E-04 -6.923144E-03  4.504164E-14 -8.916683E-02 -2.901367E-14
         6  13 -2.533652E-15 -2.087176E-14 -3.263590E-14 -1.522957E-14 -9.701622E-02 -6.773408E-15
         6  14  6.730532E-15 -5.823094E-15 -2.573799E-15 -1.336202E-14 -8.775572E-02 -2.152943E-15
         6  15  7.596873E-15 -1.703595E-15  9.238814E-15 -8.655917E-15 -9.744069E-02  1.271130E-14
         6  16  1.218348E+00  8.051912E-04  8.873977E-04 -8.715398E-14 -8.874237E-02 -3.241920E-14
         6  17  1.307728E+00 -1.144176E-03  3.363920E-03 -7.557182E-14 -7.948186E-02 -2.747553E-15
         6  18  1.398192E+00 -5.672396E-04  6.923144E-03 -6.390503E-14 -8.916683E-02 -7.329298E-16
         6  19 -1.215926E+00  2.327512E-04  1.505446E-04  2.460950E-03 -9.663188E-02  4.405575E-04
         6  20 -1.305306E+00  2.182118E-03 -2.325978E-03  2.949904E-03 -8.698935E-02 -1.602057E-03
         6  21 -1.395770E+00  1.605182E-03 -5.885201E-03  3.438858E-03 -9.629231E-02 -4.077752E-03
         6  22 -2.854291E-13 -2.527955E-14 -2.490787E-14 -8.555934E-15 -1.049057E-01  4.405575E-04
         6  23 -2.800759E-13 -1.762328E-14 -2.954311E-14 -6.999941E-15 -9.526321E-02 -1.602057E-03
         6  24 -2.573391E-13  5.783226E-15  1.098143E-14 -2.774934E-15 -1.045662E-01 -4.077752E-03
         6  25  1.215926E+00 -2.327512E-04 -1.505446E-04 -2.460950E-03 -9.663188E-02  4.405575E-04
         6  26  1.305306E+00 -2.182118E-03  2.325978E-03 -2.949904E-03 -8.698935E-02 -1.602057E-03
         6  27  1.395770E+00 -1.605182E-03  5.885201E-03 -3.438858E-03 -9.629231E-02 -4.077752E-03
         7   1 -1.457295E+00 -5.360695E-03 -5.656822E-03  2.808359E-03 -8.936223E-02  2.136674E-03
         7   2 -1.549328E+00 -9.381699E-03  1.316943E-02  3.996384E-03 -7.971865E-02 -8.466931E-03
         7   3 -1.636799E+00 -2.758437E-03  3.655751E-02  5.184408E-03 -9.056042E-02 -2.089527E-02
         7   4  3.340129E-13  3.637581E-15 -1.681514E-14 -1.105018E-14 -1.059576E-01  2.136674E-03
         7   5  3.320202E-13 -1.332648E-14 -8.653784E-14 -4.797930E-15 -9.631397E-02 -8.466931E-03
         7   6  3.637900E-13 -5.285152E-15 -6.872457E-14 -4.358412E-15 -1.071557E-01 -2.089527E-02
         7   7  1.457295E+00  5.360695E-03  5.656822E-03 -2.808359E-03 -8.936223E-02  2.136674E-03
         7   8  1.549328E+00  9.381699E-03 -1.316943E-02 -3.996384E-03 -7.971865E-02 -8.466931E-03
         7   9  1.636799E+00  2.758437E-03 -3.655751E-02 -5.184408E-03 -9.056042E-02 -2.089527E-02
         7  10 -1.448749E+00 -1.698315E-03 -1.994441E-03  3.026975E-14 -9.027789E-02 -4.396070E-15
         7  11 -1.540782E+00 -5.719318E-03  1.683181E-02  3.647567E-14 -7.928635E-02  1.894361E-14
         7  12 -1.628253E+00  9.039439E-04  4.021989E-02  3.487391E-14 -8.878016E-02  7.924392E-15
         7  13  2.509295E-15 -1.260056E-15  6.066833E-15 -8.986177E-16 -1.068732E-01  8.651276E-15
         7  14  1.597396E-14  9.177152E-15  1.323740E-14 -1.490612E-15 -9.588167E-02 -5.746993E-15
         7  15  1.864202E-14  6.251433E-16  5.780148E-15 -7.699845E-15 -1.053755E-01 -1.216647E-14
         7  16  1.448749E+00  1.698315E-03  1.994441E-03 -6.716567E-14 -9.027789E-02 -2.052194E-14
         7  17  1.540782E+00  5.719318E-03 -1.683181E-02 -6.245518E-14 -7.928635E-02 -2.934467E-14
         7  18  1.628253E+00 -9.039439E-04 -4.021989E-02 -6.029179E-14 -8.878016E-02  2.555272E-15
         7  19 -1.457295E+00 -5.360695E-03 -5.656822E-03 -2.808359E-03 -8.936223E-02 -2.136674E-03
         7  20 -1.549328E+00 -9.381699E-03  1.316943E-02 -3.996384E-03 -7.971865E-02  8.466931E-03
         7  21 -1.636799E+00 -2.758437E-03  3.655751E-02 -5.184408E-03 -9.056042E-02  2.089527E-02
         7  22 -3.383756E-13 -1.126310E-14  2.175676E-14  8.756590E-15 -1.059576E-01 -2.136674E-03
         7  23 -3.274252E-13  8.723545E-15  6.376724E-14  1.545268E-15 -9.631397E-02  8.466931E-03
         7  24 -3.585773E-13 -2.173031E-14  1.824816E-14 -1.152822E-14 -1.071557E-01  2.089527E-02
         7  25  1.457295E+00  5.360695E-03  5.656822E-03  2.808359E-03 -8.936223E-02 -2.136674E-03
         7  26  1.549328E+00  9.381699E-03 -1.316943E-02  3.996384E-03 -7.971865E-02  8.466931E-03
         7  27  1.636799E+00  2.758437E-03 -3.655751E-02  5.184408E-03 -9.056042E-02  2.089527E-02
         8   1 -1.686872E+00  1.062023E-02  1.782457E-02 -1.830742E-02 -1.269165E-01 -9.546242E-03
         8   2 -1.773504E+00  3.405028E-02 -7.532405E-02 -2.008073E-02 -1.189608E-01  4.504415E-02
         8   3 -1.867818E+00  3.955672E-02 -1.761542E-01 -2.185403E-02 -1.249595E-01  1.027072E-01
         8   4  3.376263E-13 -9.960410E-15 -5.253985E-14 -9.688842E-15 -1.010745E-01 -9.546242E-03
         8   5  3.562777E-13  1.102847E-14 -2.855213E-14 -3.808462E-15 -9.311888E-02  4.504415E-02
         8   6  3.578363E-13  1.416338E-14 -4.368665E-14  1.799060E-16 -9.911751E-02  1.027072E-01
         8   7  1.686872E+00 -1.062023E-02 -1.782457E-02  1.830742E-02 -1.269165E-01 -9.546242E-03
         8   8  1.773504E+00 -3.405028E-02  7.532405E-02  2.008073E-02 -1.189608E-01  4.504415E-02
         8   9  1.867818E+00 -3.955672E-02  1.761542E-01  2.185403E-02 -1.249595E-01  1.027072E-01
         8  10 -1.700829E+00  4.638416E-03  1.184275E-02  2.984385E-14 -8.250683E-02 -2.046436E-14
         8  11 -1.787462E+00  2.806846E-02 -8.130587E-02  2.358877E-14 -7.675282E-02 -2.919741E-14
         8  12 -1.881776E+00  3.357491E-02 -1.821360E-01  1.859460E-14 -8.495309E-02 -4.544829E-15
         8  13 -2.700540E-15 -1.286902E-14 -1.036293E-14 -5.177771E-15 -5.666488E-02 -1.214252E-14
         8  14  2.015938E-15 -2.137564E-15 -3.648757E-17  5.547595E-16 -5.091087E-02 -1.322322E-14
         8  15  4.335782E-15  5.282222E-15  5.019924E-15  4.050599E-15 -5.911114E-02  2.207414E-15
         8  16  1.700829E+00 -4.638416E-03 -1.184275E-02 -2.997384E-14 -8.250683E-02  1.989362E-14
         8  17  1.787462E+00 -2.806846E-02  8.130587E-02 -1.626609E-14 -7.675282E-02  4.017183E-15
         8  18  1.881776E+00 -3.357491E-02  1.821360E-01 -7.746526E-15 -8.495309E-02 -2.056955E-14
         8  19 -1.686872E+00  1.062023E-02  1.782457E-02  1.830742E-02 -1.269165E-01  9.546242E-03
         8  20 -1.773504E+00  3.405028E-02 -7.532405E-02  2.008073E-02 -1.189608E-01 -4.504415E-02
         8  21 -1.867818E+00  3.955672E-02 -1.761542E-01  2.185403E-02 -1.249595E-01 -1.027072E-01
         8  22 -3.593934E-13 -3.129697E-14 -3.365874E-15 -1.584572E-15 -1.010745E-01  9.546242E-03
         8  23 -3.496205E-13 -1.291765E-14  3.425161E-14  3.977725E-15 -9.311888E-02 -4.504415E-02
         8  24 -3.197252E-13  2.513930E-14  1.204517E-13  7.121135E-15 -9.911751E-02 -1.027072E-01
         8  25  1.686872E+00 -1.062023E-02 -1.782457E-02 -1.830742E-02 -1.269165E-01  9.546242E-03
         8  26  1.773504E+00 -3.405028E-02  7.532405E-02 -2.008073E-02 -1.189608E-01 -4.504415E-02
         8  27  1.867818E+00 -3.955672E-02  1.761542E-01 -2.185403E-02 -1.249595E-01 -1.027072E-01
         9   1 -1.867818E+00  3.955720E-02 -1.761541E-01  2.185391E-02  1.249592E-01  1.027072E-01
         9   2 -1.773503E+00  3.405121E-02 -7.532448E-02  2.008029E-02  1.189606E-01  4.504462E-02
         9   3 -1.686871E+00  1.062044E-02  1.782313E-02  1.830666E-02  1.269164E-01 -9.545185E-03
         9   4  3.511641E-13  1.356829E-14 -4.995801E-14 -1.379894E-14  9.911750E-02  1.027072E-01
         9   5  3.270456E-13  1.044661E-14 -1.543959E-14 -9.354136E-16  9.311893E-02  4.504462E-02
         9   6  2.957471E-13 -1.257727E-14  1.824712E-14  2.544261E-14  1.010747E-01 -9.545185E-03
         9   7  1.867818E+00 -3.955720E-02  1.761541E-01 -2.185391E-02  1.249592E-01  1.027072E-01
         9   8  1.773503E+00 -3.405121E-02  7.532448E-02 -2.008029E-02  1.189606E-01  4.504462E-02
         9   9  1.686871E+00 -1.062044E-02 -1.782313E-02 -1.830666E-02  1.269164E-01 -9.545185E-03
         9  10 -1.881776E+00  3.357483E-02 -1.821365E-01  1.569305E-14  8.495320E-02 -1.662749E-15
         9  11 -1.787462E+00  2.806884E-02 -8.130685E-02  2.079390E-14  7.675278E-02 -2.276839E-14
         9  12 -1.700830E+00  4.638072E-03  1.184076E-02  3.501724E-14  8.250670E-02 -2.213943E-14
         9  13 -6.863884E-16  4.610223E-15 -4.514911E-15 -1.126474E-14  5.911150E-02 -2.449297E-15
         9  14 -8.219414E-16 -9.055469E-16 -1.190237E-14 -7.318888E-15  5.091108E-02  3.477026E-15
         9  15  1.046126E-14 -8.967607E-15  1.894730E-14  1.017019E-14  5.666500E-02 -3.186124E-17
         9  16  1.881776E+00 -3.357483E-02  1.821365E-01  1.786524E-14  8.495320E-02 -2.024194E-14
         9  17  1.787462E+00 -2.806884E-02  8.130685E-02  1.732010E-14  7.675278E-02 -8.235836E-15
         9  18  1.700830E+00 -4.638072E-03 -1.184076E-02  3.320280E-14  8.250670E-02 -1.021324E-14
         9  19 -1.867818E+00  3.955720E-02 -1.761541E-01 -2.185391E-02  1.249592E-01 -1.027072E-01
         9  20 -1.773503E+00  3.405121E-02 -7.532448E-02 -2.008029E-02  1.189606E-01 -4.504462E-02
         9  21 -1.686871E+00  1.062044E-02  1.782313E-02 -1.830666E-02  1.269164E-01  9.545185E-03
         9  22 -3.331516E-13  1.930689E-14  1.007997E-13 -7.412156E-15  9.911750E-02 -1.027072E-01
         9  23 -3.248301E-13 -5.023032E-15  1.203925E-14 -1.233258E-14  9.311893E-02 -4.504462E-02
         9  24 -2.939315E-13 -1.970388E-14 -9.065441E-15 -3.642427E-15  1.010747E-01  9.545185E-03
         9  25  1.867818E+00 -3.955720E-02  1.761541E-01  2.185391E-02  1.249592E-01 -1.027072E-01
         9  26  1.773503E+00 -3.405121E-02  7.532448E-02  2.008029E-02  1.189606E-01 -4.504462E-02
         9  27  1.686871E+00 -1.062044E-02 -1.782313E-02  1.830666E-02  1.269164E-01  9.545185E-03
        10   1 -1.636801E+00 -2.760770E-03  3.655577E-02 -5.182988E-03  9.056195E-02 -2.089463E-02
        10   2 -1.549331E+00 -9.385718E-03  1.317173E-02 -3.993637E-03  7.971997E-02 -8.469007E-03
        10   3 -1.457297E+00 -5.361363E-03 -5.648329E-03 -2.804286E-03  8.936299E-02  2.131019E-03
        10   4  2.829672E-13 -1.991724E-14  1.061024E-14  2.978524E-15  1.071556E-01 -2.089463E-02
        10   5  2.589040E-13 -1.230255E-14 -3.274571E-14 -5.325628E-15  9.631361E-02 -8.469007E-03
        10   6  2.601028E-13  1.571667E-14 -1.526434E-14 -6.022219E-15  1.059566E-01  2.131019E-03
        10   7  1.636801E+00  2.760770E-03 -3.655577E-02  5.182988E-03  9.056195E-02 -2.089463E-02
        10   8  1.549331E+00  9.385718E-03 -1.317173E-02  3.993637E-03  7.971997E-02 -8.469007E-03
        10   9  1.457297E+00  5.361363E-03  5.648329E-03  2.804286E-03  8.936299E-02  2.131019E-03
        10  10 -1.628250E+00  9.039662E-04  4.022051E-02  8.988057E-15  8.877976E-02 -1.490467E-14
        10  11 -1.540780E+00 -5.720982E-03  1.683646E-02 -4.833606E-16  7.928661E-02  4.242740E-15
        10  12 -1.448746E+00 -1.696627E-03 -1.983593E-03  1.006964E-15  9.027845E-02  2.755079E-16
        10  13  2.067827E-15 -1.652030E-14  1.274044E-14  1.115578E-14  1.053734E-01 -2.558441E-16
        10  14  5.581387E-15 -5.129330E-15 -1.124851E-14  2.509793E-15  9.588025E-02 -3.771148E-15
        10  15  1.672527E-14  9.470693E-15 -1.419795E-14  1.056352E-15  1.068721E-01 -6.123481E-15
        10  16  1.628250E+00 -9.039662E-04 -4.022051E-02  2.725662E-14  8.877976E-02 -1.796651E-14
        10  17  1.540780E+00  5.720982E-03 -1.683646E-02  2.763402E-14  7.928661E-02 -3.076128E-14
        10  18  1.448746E+00  1.696627E-03  1.983593E-03  3.130901E-14  9.027845E-02 -4.435035E-14
        10  19 -1.636801E+00 -2.760770E-03  3.655577E-02  5.182988E-03  9.056195E-02  2.089463E-02
        10  20 -1.549331E+00 -9.385718E-03  1.317173E-02  3.993637E-03  7.971997E-02  8.469007E-03
        10  21 -1.457297E+00 -5.361363E-03 -5.648329E-03  2.804286E-03  8.936299E-02 -2.131019E-03
        10  22 -2.819444E-13 -2.075154E-14 -6.850866E-15  1.511563E-14  1.071556E-01  2.089463E-02
        10  23 -2.463217E-13 -1.624658E-16  1.474578E-15  6.262286E-15  9.631361E-02  8.469007E-03
        10  24 -2.123943E-13  1.460072E-14  1.056754E-14  4.819294E-15  1.059566E-01 -2.131019E-03
        10  25  1.636801E+00  2.760770E-03 -3.655577E-02 -5.182988E-03  9.056195E-02  2.089463E-02
        10  26  1.549331E+00  9.385718E-03 -1.317173E-02 -3.993637E-03  7.971997E-02  8.469007E-03
        10  27  1.457297E+00  5.361363E-03  5.648329E-03 -2.804286E-03  8.936299E-02 -2.131019E-03
        11   1 -1.395760E+00  1.616671E-03 -5.876040E-03  3.431401E-03  9.628405E-02  4.074284E-03
        11   2 -1.305292E+00  2.202008E-03 -2.339752E-03  2.936228E-03  8.698195E-02  1.612978E-03
        11   3 -1.215917E+00  2.363076E-04  1.032339E-04  2.441054E-03  9.662733E-02 -4.110074E-04
        11   4  2.346007E-13  1.304120E-14  1.718799E-15  1.535577E-15  1.045673E-01  4.074284E-03
        11   5  2.373476E-13  6.588803E-15  1.554881E-14  6.992887E-16  9.526520E-02  1.612978E-03
        11   6  2.168423E-13 -1.275112E-14 -3.109077E-14 -3.911904E-15  1.049106E-01 -4.110074E-04
        11   7  1.395760E+00 -1.616671E-03  5.876040E-03 -3.431401E-03  9.628405E-02  4.074284E-03
        11   8  1.305292E+00 -2.202008E-03  2.339752E-03 -2.936228E-03  8.698195E-02  1.612978E-03
        11   9  1.215917E+00 -2.363076E-04 -1.032339E-04 -2.441054E-03  9.662733E-02 -4.110074E-04
        11  10 -1.398209E+00  5.673980E-04 -6.925312E-03 -1.688875E-14  8.916876E-02 -1.515469E-14
        11  11 -1.307740E+00  1.152736E-03 -3.389024E-03 -2.446112E-14  7.948047E-02 -2.119672E-14
        11  12 -1.218365E+00 -8.129650E-04 -9.460387E-04 -2.917635E-14  8.873966E-02  4.900798E-15
        11  13  2.803144E-14  1.487142E-14  1.486735E-15 -3.123754E-15  9.745201E-02 -1.127510E-14
        11  14  1.213287E-14 -1.062457E-15 -2.370936E-15  9.422108E-16  8.776372E-02 -1.138509E-15
        11  15  3.400691E-15 -2.646450E-15 -6.177297E-15  2.212301E-15  9.702291E-02  1.703295E-14
        11  16  1.398209E+00 -5.673980E-04  6.925312E-03  1.339917E-14  8.916876E-02 -3.399398E-14
        11  17  1.307740E+00 -1.152736E-03  3.389024E-03  2.153095E-14  7.948047E-02  1.221641E-15
        11  18  1.218365E+00  8.129650E-04  9.460387E-04  2.391322E-14  8.873966E-02  1.643345E-15
        11  19 -1.395760E+00  1.616671E-03 -5.876040E-03 -3.431401E-03  9.628405E-02 -4.074284E-03
        11  20 -1.305292E+00  2.202008E-03 -2.339752E-03 -2.936228E-03  8.698195E-02 -1.612978E-03
        11  21 -1.215917E+00  2.363076E-04  1.032339E-04 -2.441054E-03  9.662733E-02  4.110074E-04
        11  22 -1.748499E-13  2.202297E-14  1.534158E-14 -7.384791E-15  1.045673E-01 -4.074284E-03
        11  23 -2.157501E-13 -1.220284E-14 -2.925295E-14  2.062578E-15  9.526520E-02 -1.612978E-03
        11  24 -2.196424E-13 -9.887938E-16  5.144831E-16  9.462206E-15  1.049106E-01  4.110074E-04
        11  25  1.395760E+00 -1.616671E-03  5.876040E-03  3.431401E-03  9.628405E-02 -4.074284E-03
        11  26  1.305292E+00 -2.202008E-03  2.339752E-03  2.936228E-03  8.698195E-02 -1.612978E-03
        11  27  1.215917E+00 -2.363076E-04 -1.032339E-04  2.441054E-03  9.662733E-02  4.110074E-04
        12   1 -1.159242E+00  7.373399E-04  2.134698E-03  1.143557E-03  9.535906E-02 -7.749326E-04
        12   2 -1.069501E+00 -5.723803E-04  4.795790E-04  1.300138E-03  8.568735E-02 -3.603816E-04
        12   3 -9.794638E-01 -1.190602E-03 -8.791834E-04  1.456718E-03  9.526005E-02 -6.437312E-05
        12   4  2.239329E-13 -1.668494E-14 -4.739778E-14  9.383719E-15  1.051766E-01 -7.749326E-04
        12   5  2.052709E-13 -2.675226E-14 -3.965190E-14  6.732369E-15  9.550487E-02 -3.603816E-04
        12   6  1.863150E-13 -3.089212E-14 -3.999921E-14  7.634881E-15  1.050776E-01 -6.437312E-05
        12   7  1.159242E+00 -7.373399E-04 -2.134698E-03 -1.143557E-03  9.535906E-02 -7.749326E-04
        12   8  1.069501E+00  5.723803E-04 -4.795790E-04 -1.300138E-03  8.568735E-02 -3.603816E-04
        12   9  9.794638E-01  1.190602E-03  8.791834E-04 -1.456718E-03  9.526005E-02 -6.437312E-05
        12  10 -1.158536E+00  1.039984E-03  2.437341E-03 -1.618596E-14  8.893919E-02  1.684918E-14
        12  11 -1.068795E+00 -2.697366E-04  7.822226E-04 -4.061269E-15  7.937887E-02  4.245239E-15
        12  12 -9.787576E-01 -8.879585E-04 -5.765398E-04  3.952277E-15  8.906296E-02  2.317943E-14
        12  13  1.791285E-14  3.484704E-15  6.419267E-15  6.080307E-15  9.875671E-02  1.485072E-14
        12  14  3.232752E-15 -1.526164E-14 -3.608668E-15  5.267937E-15  8.919639E-02  8.110640E-15
        12  15 -3.765716E-15 -1.918563E-14 -4.818343E-16  8.351746E-15  9.888047E-02  7.334512E-16
        12  16  1.158536E+00 -1.039984E-03 -2.437341E-03  2.955280E-14  8.893919E-02  9.214129E-15
        12  17  1.068795E+00  2.697366E-04 -7.822226E-04  1.774576E-14  7.937887E-02  2.600029E-14
        12  18  9.787576E-01  8.879585E-04  5.765398E-04  1.401567E-14  8.906296E-02  2.081431E-14
        12  19 -1.159242E+00  7.373399E-04  2.134698E-03 -1.143557E-03  9.535906E-02  7.749326E-04
        12  20 -1.069501E+00 -5.723803E-04  4.795790E-04 -1.300138E-03  8.568735E-02  3.603816E-04
        12  21 -9.794638E-01 -1.190602E-03 -8.791834E-04 -1.456718E-03  9.526005E-02  6.437312E-05
        12  22 -2.140191E-13 -6.840043E-16  5.316820E-15  1.782258E-15  1.051766E-01  7.749326E-04
        12  23 -2.245933E-13 -2.553958E-14 -1.456171E-14  2.748064E-15  9.550487E-02  3.603816E-04
        12  24 -2.118928E-13 -2.076218E-14  1.291628E-14  8.213193E-15  1.050776E-01  6.437312E-05
        12  25  1.159242E+00 -7.373399E-04 -2.134698E-03  1.143557E-03  9.535906E-02  7.749326E-04
        12  26  1.069501E+00  5.723803E-04 -4.795790E-04  1.300138E-03  8.568735E-02  3.603816E-04
        12  27  9.794638E-01  1.190602E-03  8.791834E-04  1.456718E-03  9.526005E-02  6.437312E-05
        13   1 -9.211813E-01  1.178012E-03  8.975840E-04  1.460581E-03  9.525010E-02  6.503658E-05
        13   2 -8.311498E-01  5.552028E-04 -5.176378E-04  1.316391E-03  8.567337E-02  3.640208E-04
        13   3 -7.414039E-01 -7.341583E-04 -2.218525E-03  1.172200E-03  9.534374E-02  7.772710E-04
        13   4  1.913632E-13 -2.326335E-14 -4.206604E-14  1.012822E-15  1.050862E-01  6.503658E-05
        13   5  1.757525E-13 -9.882726E-15 -2.921641E-14 -3.235307E-15  9.550949E-02  3.640208E-04
        13   6  1.723324E-13  1.187436E-14  9.369787E-15 -1.349606E-15  1.051799E-01  7.772710E-04
        13   7  9.211813E-01 -1.178012E-03 -8.975840E-04 -1.460581E-03  9.525010E-02  6.503658E-05
        13   8  8.311498E-01 -5.552028E-04  5.176378E-04 -1.316391E-03  8.567337E-02  3.640208E-04
        13   9  7.414039E-01  7.341583E-04  2.218525E-03 -1.172200E-03  9.534374E-02  7.772710E-04
        13  10 -9.218491E-01  8.917816E-04  6.113534E-04  2.343351E-15  8.905814E-02  2.176120E-14
        13  11 -8.318176E-01  2.689722E-04 -8.038684E-04  7.964451E-16  7.937607E-02  1.479054E-14
        13  12 -7.420718E-01 -1.020389E-03 -2.504755E-03  9.421610E-15  8.894109E-02  3.910285E-15
        13  13 -2.574210E-15 -1.549326E-14 -2.574210E-15  6.488220E-15  9.889426E-02 -6.236178E-15
        13  14 -4.335137E-15 -8.655817E-15 -8.166332E-15  2.782685E-15  8.921218E-02  6.959078E-16
        13  15  1.952398E-17  4.104317E-16 -2.717044E-15  5.980083E-15  9.877720E-02 -2.158860E-16
        13  16  9.218491E-01 -8.917816E-04 -6.113534E-04  3.146884E-14  8.905814E-02  2.136462E-14
        13  17  8.318176E-01 -2.689722E-04  8.038684E-04  2.390968E-14  7.937607E-02  2.013951E-15
        13  18  7.420718E-01  1.020389E-03  2.504755E-03  2.435639E-14  8.894109E-02  1.970934E-15
        13  19 -9.211813E-01  1.178012E-03  8.975840E-04 -1.460581E-03  9.525010E-02 -6.503658E-05
        13  20 -8.311498E-01  5.552028E-04 -5.176378E-04 -1.316391E-03  8.567337E-02 -3.640208E-04
        13  21 -7.414039E-01 -7.341583E-04 -2.218525E-03 -1.172200E-03  9.534374E-02 -7.772710E-04
        13  22 -1.988762E-13 -1.725412E-14  7.734689E-15  9.771474E-15  1.050862E-01 -6.503658E-05
        13  23 -1.858445E-13 -1.558089E-14 -1.275661E-14  6.657011E-15  9.550949E-02 -3.640208E-04
        13  24 -1.604994E-13 -2.735830E-15  1.368600E-15  1.201204E-14  1.051799E-01 -7.772710E-04
        13  25  9.211813E-01 -1.178012E-03 -8.975840E-04  1.460581E-03  9.525010E-02 -6.503658E-05
        13  26  8.311498E-01 -5.552028E-04  5.176378E-04  1.316391E-03  8.567337E-02 -3.640208E-04
        13  27  7.414039E-01  7.341583E-04  2.218525E-03  1.172200E-03  9.534374E-02 -7.772710E-04
        14   1 -6.845818E-01 -1.174589E-04 -7.215588E-05  2.415813E-03  9.665982E-02  3.996048E-04
        14   2 -5.951534E-01 -2.040759E-03  2.576775E-03  2.802639E-03  8.704133E-02 -1.640289E-03
        14   3 -5.047372E-01 -1.659286E-03  6.213466E-03  3.189465E-03  9.636582E-02 -4.075287E-03
        14   4  1.714549E-13  1.621208E-14  5.071530E-15  1.397248E-15  1.048813E-01  3.996048E-04
        14   5  1.347368E-13  4.606305E-15 -2.152126E-14  3.479324E-15  9.526285E-02 -1.640289E-03
        14   6  1.171388E-13  5.550796E-15 -6.417199E-15  1.248676E-14  1.045873E-01 -4.075287E-03
        14   7  6.845818E-01  1.174589E-04  7.215588E-05 -2.415813E-03  9.665982E-02  3.996048E-04
        14   8  5.951534E-01  2.040759E-03 -2.576775E-03 -2.802639E-03  8.704133E-02 -1.640289E-03
        14   9  5.047372E-01  1.659286E-03 -6.213466E-03 -3.189465E-03  9.636582E-02 -4.075287E-03
        14  10 -6.824850E-01  7.811713E-04  8.264742E-04  6.151346E-15  8.875853E-02  5.795173E-15
        14  11 -5.930566E-01 -1.142129E-03  3.475405E-03  1.093326E-14  7.947079E-02 -9.608586E-16
        14  12 -5.026404E-01 -7.606557E-04  7.112097E-03  2.458444E-14  8.912603E-02  2.254996E-15
        14  13  3.669996E-16  4.505090E-15  1.461627E-15  9.010565E-15  9.698005E-02 -2.007552E-14
        14  14 -2.447666E-15  4.505299E-15 -8.057255E-16  6.556197E-15  8.769231E-02 -4.749427E-15
        14  15 -1.832143E-14 -9.090210E-15 -1.640583E-14  1.039510E-14  9.734754E-02  2.546905E-14
        14  16  6.824850E-01 -7.811713E-04 -8.264742E-04  1.369042E-14  8.875853E-02 -7.581782E-16
        14  17  5.930566E-01  1.142129E-03 -3.475405E-03  8.481590E-15  7.947079E-02 -2.791204E-15
        14  18  5.026404E-01  7.606557E-04 -7.112097E-03  5.178977E-15  8.912603E-02  3.907896E-15
        14  19 -6.845818E-01 -1.174589E-04 -7.215588E-05 -2.415813E-03  9.665982E-02 -3.996048E-04
        14  20 -5.951534E-01 -2.040759E-03  2.576775E-03 -2.802639E-03  8.704133E-02  1.640289E-03
        14  21 -5.047372E-01 -1.659286E-03  6.213466E-03 -3.189465E-03  9.636582E-02  4.075287E-03
        14  22 -1.656395E-13 -3.007787E-15  7.037934E-15  1.323466E-14  1.048813E-01 -3.996048E-04
        14  23 -1.464115E-13  3.363115E-15  2.325569E-14  7.306193E-15  9.526285E-02  1.640289E-03
        14  24 -1.379689E-13 -4.918915E-15  2.054677E-14  5.888686E-15  1.045873E-01  4.075287E-03
        14  25  6.845818E-01  1.174589E-04  7.215588E-05  2.415813E-03  9.665982E-02 -3.996048E-04
        14  26  5.951534E-01  2.040759E-03 -2.576775E-03  2.802639E-03  8.704133E-02  1.640289E-03
        14  27  5.047372E-01  1.659286E-03 -6.213466E-03  3.189465E-03  9.636582E-02  4.075287E-03
        15   1 -4.443217E-01  4.448852E-03  5.269139E-03 -2.593417E-03  8.925579E-02 -2.042889E-03
        15   2 -3.526458E-01  8.174997E-03 -1.433521E-02 -2.946519E-03  7.943547E-02  8.624565E-03
        15   3 -2.648162E-01  2.926538E-03 -3.778582E-02 -3.299622E-03  9.009307E-02  2.083052E-02
        15   4  1.104039E-13  3.838012E-15 -6.994874E-15  7.259431E-15  1.060540E-01 -2.042889E-03
        15   5  7.474954E-14 -1.294810E-14 -3.553415E-14  4.874425E-15  9.623372E-02  8.624565E-03
        15   6  6.412516E-14 -7.932537E-15 -9.556937E-15  1.254443E-14  1.068913E-01  2.083052E-02
        15   7  4.443217E-01 -4.448852E-03 -5.269139E-03  2.593417E-03  8.925579E-02 -2.042889E-03
        15   8  3.526458E-01 -8.174997E-03  1.433521E-02  2.946519E-03  7.943547E-02  8.624565E-03
        15   9  2.648162E-01 -2.926538E-03  3.778582E-02  3.299622E-03  9.009307E-02  2.083052E-02
        15  10 -4.502933E-01  1.889598E-03  2.709885E-03  4.231763E-14  9.020431E-02  6.714387E-15
        15  11 -3.586174E-01  5.615742E-03 -1.689447E-02  3.172861E-14  7.944205E-02  1.237871E-14
        15  12 -2.707877E-01  3.672842E-04 -4.034508E-02  2.588805E-14  8.915770E-02 -3.627108E-15
        15  13 -6.333937E-15 -3.832915E-15 -3.050056E-15  7.213779E-15  1.070026E-01 -2.060487E-15
        15  14 -1.050519E-15 -2.998525E-15 -5.032058E-16  4.987171E-15  9.624030E-02 -8.082639E-16
        15  15  1.183382E-14  1.706077E-15  1.402308E-14  1.123365E-14  1.059559E-01 -3.439862E-15
        15  16  4.502933E-01 -1.889598E-03 -2.709885E-03  1.478795E-15  9.020431E-02  4.853280E-15
        15  17  3.586174E-01 -5.615742E-03  1.689447E-02  1.015301E-15  7.944205E-02 -2.320254E-15
        15  18  2.707877E-01 -3.672842E-04  4.034508E-02  1.164828E-14  8.915770E-02 -3.788664E-15
        15  19 -4.443217E-01  4.448852E-03  5.269139E-03  2.593417E-03  8.925579E-02  2.042889E-03
        15  20 -3.526458E-01  8.174997E-03 -1.433521E-02  2.946519E-03  7.943547E-02 -8.624565E-03
        15  21 -2.648162E-01  2.926538E-03 -3.778582E-02  3.299622E-03  9.009307E-02 -2.083052E-02
        15  22 -1.075054E-13 -9.060544E-16  2.083964E-14  6.276876E-15  1.060540E-01  2.042889E-03
        15  23 -9.428658E-14 -1.129309E-14 -8.905654E-15  2.769827E-15  9.623372E-02 -8.624565E-03
        15  24 -6.932242E-14 -1.315668E-14 -1.513838E-14  9.175927E-15  1.068913E-01 -2.083052E-02
        15  25  4.443217E-01 -4.448852E-03 -5.269139E-03 -2.593417E-03  8.925579E-02  2.042889E-03
        15  26  3.526458E-01 -8.174997E-03  1.433521E-02 -2.946519E-03  7.943547E-02 -8.624565E-03
        15  27  2.648162E-01 -2.926538E-03  3.778582E-02 -3.299622E-03  9.009307E-02 -2.083052E-02
        16   1 -2.069336E-01 -3.508155E-03 -1.447084E-02  1.552452E-02  1.272249E-01  8.717160E-03
        16   2 -1.163179E-01 -2.490988E-02  8.160002E-02  1.302434E-02  1.203548E-01 -4.600548E-02
        16   3 -2.610454E-02 -4.725035E-02  1.772686E-01  1.052416E-02  1.279694E-01 -1.005672E-01
        16   4  4.916481E-14 -9.522289E-15 -9.143808E-16  6.590159E-15  1.009933E-01  8.717160E-03
        16   5  3.058542E-14 -1.351323E-14  9.924334E-15  6.601113E-15  9.412312E-02 -4.600548E-02
        16   6  3.616733E-14 -1.697423E-15  6.770628E-14  1.257373E-14  1.017377E-01 -1.005672E-01
        16   7  2.069336E-01  3.508155E-03  1.447084E-02 -1.552452E-02  1.272249E-01  8.717160E-03
        16   8  1.163179E-01  2.490988E-02 -8.160002E-02 -1.302434E-02  1.203548E-01 -4.600548E-02
        16   9  2.610454E-02  4.725035E-02 -1.772686E-01 -1.052416E-02  1.279694E-01 -1.005672E-01
        16  10 -2.122430E-01 -5.783625E-03 -1.674631E-02  2.645089E-14  8.277620E-02 -6.083146E-15
        16  11 -1.216273E-01 -2.718535E-02  7.932455E-02  1.847530E-14  7.506855E-02  2.735202E-14
        16  12 -3.141398E-02 -4.952582E-02  1.749931E-01  2.061029E-14  8.184565E-02  1.359285E-14
        16  13  5.736216E-16 -2.857620E-15  7.141385E-15  8.460126E-15  5.654456E-02 -4.617161E-15
        16  14  2.691690E-15  1.446006E-15  5.154601E-15  4.746179E-15  4.883691E-02  7.769832E-16
        16  15  1.923267E-15 -1.920507E-15 -1.155372E-15  7.736228E-15  5.561400E-02  8.346445E-15
        16  16  2.122430E-01  5.783625E-03  1.674631E-02  1.842664E-14  8.277620E-02 -1.719334E-15
        16  17  1.216273E-01  2.718535E-02 -7.932455E-02  2.107574E-14  7.506855E-02 -7.743945E-15
        16  18  3.141398E-02  4.952582E-02 -1.749931E-01  2.790780E-14  8.184565E-02 -6.734231E-15
        16  19 -2.069336E-01 -3.508155E-03 -1.447084E-02 -1.552452E-02  1.272249E-01 -8.717160E-03
        16  20 -1.163179E-01 -2.490988E-02  8.160002E-02 -1.302434E-02  1.203548E-01  4.600548E-02
        16  21 -2.610454E-02 -4.725035E-02  1.772686E-01 -1.052416E-02  1.279694E-01  1.005672E-01
        16  22 -5.889743E-14 -1.118034E-14 -2.386936E-14  1.355359E-14  1.009933E-01 -8.717160E-03
        16  23 -3.573623E-14  6.967827E-15 -2.054827E-14  5.674665E-15  9.412312E-02  4.600548E-02
        16  24 -2.375490E-15  2.725040E-14 -1.965005E-15  7.098071E-15  1.017377E-01  1.005672E-01
        16  25  2.069336E-01  3.508155E-03  1.447084E-02  1.552452E-02  1.272249E-01 -8.717160E-03
        16  26  1.163179E-01  2.490988E-02 -8.160002E-02  1.302434E-02  1.203548E-01  4.600548E-02
        16  27  2.610454E-02  4.725035E-02 -1.772686E-01  1.052416E-02  1.279694E-01  1.005672E-01
