
                        S T E P       1


                                INCREMENT     1


 displacements (vx,vy,vz) for set MID and time  0.1000000E+01

        33 -1.379224E-16 -1.503233E-14 -8.071362E-02

 stresses (elem, integ.pnt.,sxx,syy,szz,sxy,sxz,syz) for set MEMBER and time  0.1000000E+01

         1   1 -2.667461E-02  6.936453E-03 -1.143677E-04 -4.863060E-03 -1.107009E-01 -2.503179E-03
         1   2 -9.438116E-02 -3.561405E-03 -3.619703E-03 -6.055953E-03 -1.073885E-01  1.348060E-04
         1   3 -1.581026E-01 -4.760640E-03 -3.139913E-03 -7.248847E-03 -1.121671E-01  8.599315E-04
         1   4  6.130388E-14  4.142970E-15  1.521130E-14 -2.058921E-14 -1.222864E-01 -2.503179E-03
         1   5  7.082212E-14  5.189937E-15  1.980319E-14 -2.171573E-14 -1.189740E-01  1.348060E-04
         1   6  8.978593E-14  1.267813E-14  3.520893E-14 -2.352781E-14 -1.237525E-01  8.599315E-04
         1   7  2.667461E-02 -6.936453E-03  1.143677E-04  4.863060E-03 -1.107009E-01 -2.503179E-03
         1   8  9.438116E-02  3.561405E-03  3.619703E-03  6.055953E-03 -1.073885E-01  1.348060E-04
         1   9  1.581026E-01  4.760640E-03  3.139913E-03  7.248847E-03 -1.121671E-01  8.599315E-04
         1  10 -9.246573E-03  1.440561E-02  7.354793E-03 -1.204082E-13 -1.040838E-01  7.448322E-14
         1  11 -7.695312E-02  3.907756E-03  3.849458E-03 -1.033741E-13 -9.912206E-02  2.792724E-14
         1  12 -1.406745E-01  2.708521E-03  4.329247E-03 -8.360806E-14 -1.022511E-01  7.533683E-15
         1  13  3.958552E-14 -4.030269E-15  3.167221E-15 -1.892710E-14 -1.156693E-01  7.463677E-14
         1  14  4.045180E-14 -4.340952E-16  2.458657E-15 -1.809302E-14 -1.107075E-01  2.358098E-14
         1  15  3.841328E-14  2.723934E-15  1.992348E-15 -1.794116E-14 -1.138366E-01  1.363417E-15
         1  16  9.246573E-03 -1.440561E-02 -7.354793E-03  8.771626E-14 -1.040838E-01  7.523940E-14
         1  17  7.695312E-02 -3.907756E-03 -3.849458E-03  7.124640E-14 -9.912206E-02  2.286834E-14
         1  18  1.406745E-01 -2.708521E-03 -4.329247E-03  4.903865E-14 -1.022511E-01  7.975228E-16
         1  19 -2.667461E-02  6.936453E-03 -1.143677E-04  4.863060E-03 -1.107009E-01  2.503179E-03
         1  20 -9.438116E-02 -3.561405E-03 -3.619703E-03  6.055953E-03 -1.073885E-01 -1.348060E-04
         1  21 -1.581026E-01 -4.760640E-03 -3.139913E-03  7.248847E-03 -1.121671E-01 -8.599315E-04
         1  22  1.957349E-14 -1.049235E-14 -4.900199E-15 -1.057929E-14 -1.222864E-01  2.503179E-03
         1  23  3.603743E-14  9.497801E-15  1.101590E-14 -8.913270E-15 -1.189740E-01 -1.348060E-04
         1  24  4.285817E-14  2.504852E-14  2.057268E-14 -6.970440E-15 -1.237525E-01 -8.599315E-04
         1  25  2.667461E-02 -6.936453E-03  1.143677E-04 -4.863060E-03 -1.107009E-01  2.503179E-03
         1  26  9.438116E-02  3.561405E-03  3.619703E-03 -6.055953E-03 -1.073885E-01 -1.348060E-04
         1  27  1.581026E-01  4.760640E-03  3.139913E-03 -7.248847E-03 -1.121671E-01 -8.599315E-04
         2   1 -1.920324E-01 -1.857628E-03 -8.670858E-04 -4.996310E-03 -1.123529E-01  6.176871E-04
         2   2 -2.576806E-01 -1.165597E-03 -5.123308E-04 -4.202991E-03 -1.082570E-01  3.227438E-04
         2   3 -3.234189E-01 -6.837323E-04 -2.476475E-04 -3.409671E-03 -1.125650E-01  7.103495E-05
         2   4  1.011465E-13  1.717425E-14  4.723610E-14 -2.925722E-14 -1.238720E-01  6.176871E-04
         2   5  1.264321E-13  2.335837E-14  6.841691E-14 -3.065044E-14 -1.197761E-01  3.227438E-04
         2   6  1.445969E-13  2.041828E-14  7.498541E-14 -3.901480E-14 -1.240841E-01  7.103495E-05
         2   7  1.920324E-01  1.857628E-03  8.670858E-04  4.996310E-03 -1.123529E-01  6.176871E-04
         2   8  2.576806E-01  1.165597E-03  5.123308E-04  4.202991E-03 -1.082570E-01  3.227438E-04
         2   9  3.234189E-01  6.837323E-04  2.476475E-04  3.409671E-03 -1.125650E-01  7.103495E-05
         2  10 -1.895113E-01 -7.771385E-04  2.134041E-04 -8.063774E-14 -1.022417E-01  3.416936E-15
         2  11 -2.551595E-01 -8.510690E-05  5.681590E-04 -8.309390E-14 -9.790724E-02 -2.737226E-15
         2  12 -3.208978E-01  3.967575E-04  8.328424E-04 -7.626509E-14 -1.019766E-01  5.277238E-15
         2  13  2.097100E-14 -1.785400E-15 -4.205428E-15 -2.114415E-14 -1.137608E-01 -1.364196E-15
         2  14  8.234803E-15 -3.407754E-15 -7.089977E-15 -2.176564E-14 -1.094263E-01 -2.812006E-15
         2  15 -4.045207E-15 -6.565419E-15 -6.918603E-15 -2.415329E-14 -1.134957E-01  6.310127E-16
         2  16  1.895113E-01  7.771385E-04 -2.134041E-04  3.770793E-14 -1.022417E-01  1.403343E-15
         2  17  2.551595E-01  8.510690E-05 -5.681590E-04  4.607092E-14 -9.790724E-02  2.023944E-15
         2  18  3.208978E-01 -3.967575E-04 -8.328424E-04  3.883483E-14 -1.019766E-01  4.551528E-15
         2  19 -1.920324E-01 -1.857628E-03 -8.670858E-04  4.996310E-03 -1.123529E-01 -6.176871E-04
         2  20 -2.576806E-01 -1.165597E-03 -5.123308E-04  4.202991E-03 -1.082570E-01 -3.227438E-04
         2  21 -3.234189E-01 -6.837323E-04 -2.476475E-04  3.409671E-03 -1.125650E-01 -7.103495E-05
         2  22  1.687611E-14  2.195477E-14  1.058200E-14 -6.642433E-15 -1.238720E-01 -6.176871E-04
         2  23 -2.851223E-14  1.734727E-14 -5.661888E-15 -1.421548E-15 -1.197761E-01 -3.227438E-04
         2  24 -6.436400E-14  1.699882E-14 -8.606431E-15 -1.601881E-16 -1.240841E-01 -7.103495E-05
         2  25  1.920324E-01  1.857628E-03  8.670858E-04 -4.996310E-03 -1.123529E-01 -6.176871E-04
         2  26  2.576806E-01  1.165597E-03  5.123308E-04 -4.202991E-03 -1.082570E-01 -3.227438E-04
         2  27  3.234189E-01  6.837323E-04  2.476475E-04 -3.409671E-03 -1.125650E-01 -7.103495E-05
         3   1 -3.619540E-01 -5.477423E-04 -2.238506E-04 -3.289057E-03 -1.127029E-01 -5.271004E-06
         3   2 -4.276147E-01 -9.335666E-05  4.188846E-05 -3.197828E-03 -1.085056E-01 -2.308651E-05
         3   3 -4.933420E-01  2.058338E-04  2.411153E-04 -3.106599E-03 -1.127013E-01 -8.976157E-06
         3   4  1.467499E-13  1.494040E-14  7.340985E-14 -3.841803E-14 -1.242139E-01 -5.271004E-06
         3   5  1.646297E-13  1.323979E-14  7.541759E-14 -3.371727E-14 -1.200166E-01 -2.308651E-05
         3   6  1.930988E-13  2.017007E-14  9.697682E-14 -3.422338E-14 -1.242123E-01 -8.976157E-06
         3   7  3.619540E-01  5.477423E-04  2.238506E-04  3.289057E-03 -1.127029E-01 -5.271004E-06
         3   8  4.276147E-01  9.335666E-05 -4.188846E-05  3.197828E-03 -1.085056E-01 -2.308651E-05
         3   9  4.933420E-01 -2.058338E-04 -2.411153E-04  3.106599E-03 -1.127013E-01 -8.976157E-06
         3  10 -3.619736E-01 -5.561392E-04 -2.322476E-04 -8.426975E-14 -1.018068E-01  9.534641E-15
         3  11 -4.276343E-01 -1.017536E-04  3.349148E-05 -9.056383E-14 -9.761139E-02  6.750911E-15
         3  12 -4.933615E-01  1.974368E-04  2.327184E-04 -9.235196E-14 -1.018089E-01 -3.357895E-15
         3  13  2.924337E-14  8.759786E-15  1.282396E-14 -1.997187E-14 -1.133178E-01 -1.638939E-15
         3  14  1.618130E-14  3.640491E-15  1.235011E-14 -1.731716E-14 -1.091224E-01 -4.042872E-15
         3  15  3.928980E-15 -9.576806E-16  1.405428E-14 -1.932119E-14 -1.133199E-01 -9.752012E-15
         3  16  3.619736E-01  5.561392E-04  2.322476E-04  3.889432E-14 -1.018068E-01  2.049824E-15
         3  17  4.276343E-01  1.017536E-04 -3.349148E-05  4.517011E-14 -9.761139E-02 -6.317291E-16
         3  18  4.933615E-01 -1.974368E-04 -2.327184E-04  3.934842E-14 -1.018089E-01  6.351773E-15
         3  19 -3.619540E-01 -5.477423E-04 -2.238506E-04  3.289057E-03 -1.127029E-01  5.271004E-06
         3  20 -4.276147E-01 -9.335666E-05  4.188846E-05  3.197828E-03 -1.085056E-01  2.308651E-05
         3  21 -4.933420E-01  2.058338E-04  2.411153E-04  3.106599E-03 -1.127013E-01  8.976157E-06
         3  22 -8.114805E-14  1.899858E-14 -1.456424E-16  4.968800E-15 -1.242139E-01  5.271004E-06
         3  23 -1.199558E-13  1.291602E-14 -9.407271E-17  5.795851E-15 -1.200166E-01  2.308651E-05
         3  24 -1.835059E-13 -8.869732E-15 -2.649528E-14  2.215129E-15 -1.242123E-01  8.976157E-06
         3  25  3.619540E-01  5.477423E-04  2.238506E-04 -3.289057E-03 -1.127029E-01  5.271004E-06
         3  26  4.276147E-01  9.335666E-05 -4.188846E-05 -3.197828E-03 -1.085056E-01  2.308651E-05
         3  27  4.933420E-01 -2.058338E-04 -2.411153E-04 -3.106599E-03 -1.127013E-01  8.976157E-06
         4   1 -5.329862E-01 -2.527003E-04 -2.366211E-04 -3.113763E-03 -1.126708E-01 -5.084916E-07
         4   2 -5.986761E-01  9.228234E-06  9.491893E-06 -3.113115E-03 -1.084746E-01 -3.444347E-06
         4   3 -6.643747E-01  2.509480E-04  2.469440E-04 -3.112467E-03 -1.126670E-01 -2.222973E-06
         4   4  1.550835E-13 -1.554738E-15  7.736496E-14 -3.506290E-14 -1.242090E-01 -5.084916E-07
         4   5  1.701866E-13 -8.274859E-15  6.564971E-14 -2.869160E-14 -1.200128E-01 -3.444347E-06
         4   6  2.115255E-13  1.228839E-14  1.212187E-13 -2.409311E-14 -1.242052E-01 -2.222973E-06
         4   7  5.329862E-01  2.527003E-04  2.366211E-04  3.113763E-03 -1.126708E-01 -5.084916E-07
         4   8  5.986761E-01 -9.228234E-06 -9.491893E-06  3.113115E-03 -1.084746E-01 -3.444347E-06
         4   9  6.643747E-01 -2.509480E-04 -2.469440E-04  3.112467E-03 -1.126670E-01 -2.222973E-06
         4  10 -5.330315E-01 -2.721032E-04 -2.560240E-04 -8.137047E-14 -1.018176E-01 -7.548752E-15
         4  11 -5.987214E-01 -1.017468E-05 -9.911019E-06 -8.632704E-14 -9.762566E-02  3.558951E-16
         4  12 -6.644200E-01  2.315451E-04  2.275410E-04 -8.987458E-14 -1.018223E-01  6.238118E-16
         4  13  8.597258E-16 -4.561736E-15  7.427489E-15 -1.950691E-14 -1.133557E-01 -1.412207E-14
         4  14 -2.067823E-15 -6.284422E-15  8.878449E-15 -1.559745E-14 -1.091638E-01  4.323551E-17
         4  15  9.628699E-15  3.767082E-15  3.781535E-14 -1.560773E-14 -1.133605E-01  7.642915E-15
         4  16  5.330315E-01  2.721032E-04  2.560240E-04  4.030719E-14 -1.018176E-01  5.584212E-15
         4  17  5.987214E-01  1.017468E-05  9.911019E-06  4.412746E-14 -9.762566E-02  4.643566E-15
         4  18  6.644200E-01 -2.315451E-04 -2.275410E-04  4.012289E-14 -1.018223E-01  9.809430E-15
         4  19 -5.329862E-01 -2.527003E-04 -2.366211E-04  3.113763E-03 -1.126708E-01  5.084916E-07
         4  20 -5.986761E-01  9.228234E-06  9.491893E-06  3.113115E-03 -1.084746E-01  3.444347E-06
         4  21 -6.643747E-01  2.509480E-04  2.469440E-04  3.112467E-03 -1.126670E-01  2.222973E-06
         4  22 -1.471795E-13  1.014573E-14 -9.803794E-15  2.896257E-15 -1.242090E-01  5.084916E-07
         4  23 -1.722955E-13  5.908281E-15 -1.576379E-14  1.988429E-16 -1.200128E-01  3.444347E-06
         4  24 -1.879938E-13  1.155882E-14  4.523748E-15 -1.824323E-15 -1.242052E-01  2.222973E-06
         4  25  5.329862E-01  2.527003E-04  2.366211E-04 -3.113763E-03 -1.126708E-01  5.084916E-07
         4  26  5.986761E-01 -9.228234E-06 -9.491893E-06 -3.113115E-03 -1.084746E-01  3.444347E-06
         4  27  6.643747E-01 -2.509480E-04 -2.469440E-04 -3.112467E-03 -1.126670E-01  2.222973E-06
         5   1 -7.040585E-01 -2.340342E-04 -2.367638E-04 -3.117287E-03 -1.126649E-01 -9.330203E-07
         5   2 -7.697530E-01  2.869783E-06  1.124755E-06 -3.119139E-03 -1.084707E-01 -4.800026E-07
         5   3 -8.354472E-01  2.403389E-04  2.392555E-04 -3.120991E-03 -1.126644E-01 -1.432326E-07
         5   4  1.940709E-13 -7.083529E-16  1.092373E-13 -2.122683E-14 -1.242034E-01 -9.330203E-07
         5   5  1.868474E-13 -2.668506E-14  4.947173E-14 -1.664835E-14 -1.200093E-01 -4.800026E-07
         5   6  1.904398E-13 -4.471075E-14  8.321213E-15 -1.439824E-14 -1.242029E-01 -1.432327E-07
         5   7  7.040585E-01  2.340342E-04  2.367638E-04  3.117287E-03 -1.126649E-01 -9.330203E-07
         5   8  7.697530E-01 -2.869783E-06 -1.124755E-06  3.119139E-03 -1.084707E-01 -4.800026E-07
         5   9  8.354472E-01 -2.403389E-04 -2.392555E-04  3.120991E-03 -1.126644E-01 -1.432327E-07
         5  10 -7.040643E-01 -2.364809E-04 -2.392105E-04 -9.793436E-14 -1.018243E-01  1.510722E-15
         5  11 -7.697587E-01  4.231238E-07 -1.321904E-06 -9.607350E-14 -9.763065E-02  6.450041E-15
         5  12 -8.354529E-01  2.378922E-04  2.368089E-04 -1.048005E-13 -1.018249E-01  6.968038E-15
         5  13 -9.927914E-17  1.227852E-15  4.587506E-14 -1.316721E-14 -1.133628E-01  2.105631E-15
         5  14 -6.735663E-15 -6.959529E-15  4.142793E-14 -9.430410E-15 -1.091692E-01  1.657117E-15
         5  15 -1.904187E-14 -2.153509E-14  2.446956E-14 -1.019302E-14 -1.133634E-01 -7.854967E-15
         5  16  7.040643E-01  2.364809E-04  2.392105E-04  4.632146E-14 -1.018243E-01  2.242439E-15
         5  17  7.697587E-01 -4.231237E-07  1.321904E-06  4.688247E-14 -9.763065E-02 -7.408447E-15
         5  18  8.354529E-01 -2.378922E-04 -2.368089E-04  4.643114E-14 -1.018249E-01 -6.749520E-15
         5  19 -7.040585E-01 -2.340342E-04 -2.367638E-04  3.117287E-03 -1.126649E-01  9.330203E-07
         5  20 -7.697530E-01  2.869783E-06  1.124755E-06  3.119139E-03 -1.084707E-01  4.800026E-07
         5  21 -8.354472E-01  2.403389E-04  2.392555E-04  3.120991E-03 -1.126644E-01  1.432326E-07
         5  22 -1.663116E-13  2.461405E-14  2.579547E-14 -3.516931E-15 -1.242034E-01  9.330203E-07
         5  23 -2.231948E-13 -7.407641E-15 -1.083709E-14 -1.479442E-15 -1.200093E-01  4.800026E-07
         5  24 -2.937779E-13 -5.374500E-14 -7.882046E-14 -4.645765E-15 -1.242029E-01  1.432327E-07
         5  25  7.040585E-01  2.340342E-04  2.367638E-04 -3.117287E-03 -1.126649E-01  9.330203E-07
         5  26  7.697530E-01 -2.869783E-06 -1.124755E-06 -3.119139E-03 -1.084707E-01  4.800026E-07
         5  27  8.354472E-01 -2.403389E-04 -2.392555E-04 -3.120991E-03 -1.126644E-01  1.432327E-07
         6   1 -8.751179E-01 -2.374175E-04 -2.381922E-04 -3.121313E-03 -1.126643E-01 -3.212529E-08
         6   2 -9.408123E-01  2.031461E-07 -1.096252E-07 -3.121536E-03 -1.084703E-01  3.563634E-08
         6   3 -1.006507E+00  2.382178E-04  2.381419E-04 -3.121759E-03 -1.126643E-01  2.233585E-08
         6   4  1.948927E-13 -4.768422E-14  4.907174E-17 -3.495883E-14 -1.242028E-01 -3.212537E-08
         6   5  2.004806E-13 -4.048377E-14  2.807684E-14 -2.730769E-14 -1.200088E-01  3.563629E-08
         6   6  2.265490E-13 -1.336303E-14  1.210543E-13 -2.139144E-14 -1.242028E-01  2.233582E-08
         6   7  8.751179E-01  2.374175E-04  2.381922E-04  3.121313E-03 -1.126643E-01 -3.212538E-08
         6   8  9.408123E-01 -2.031461E-07  1.096252E-07  3.121536E-03 -1.084703E-01  3.563627E-08
         6   9  1.006507E+00 -2.382178E-04 -2.381419E-04  3.121759E-03 -1.126643E-01  2.233587E-08
         6  10 -8.751178E-01 -2.373815E-04 -2.381563E-04 -9.307807E-14 -1.018251E-01  1.281038E-14
         6  11 -9.408122E-01  2.391027E-07 -7.366862E-08 -8.725107E-14 -9.763116E-02  2.327339E-14
         6  12 -1.006506E+00  2.382538E-04  2.381778E-04 -8.515210E-14 -1.018251E-01  1.290307E-14
         6  13 -1.193930E-14 -1.764184E-14  2.527803E-14 -1.695889E-14 -1.133636E-01 -1.237213E-14
         6  14 -5.218721E-15 -7.068755E-15  2.762010E-14 -1.490473E-14 -1.091697E-01 -7.404826E-15
         6  15 -7.672062E-15 -4.583513E-15  3.118720E-14 -1.125959E-14 -1.133636E-01 -6.447776E-15
         6  16  8.751178E-01  2.373815E-04  2.381563E-04  3.688986E-14 -1.018251E-01 -8.458131E-15
         6  17  9.408122E-01 -2.391026E-07  7.366870E-08  2.801876E-14 -9.763116E-02  4.350417E-15
         6  18  1.006506E+00 -2.382538E-04 -2.381778E-04  2.497880E-14 -1.018251E-01  3.606090E-14
         6  19 -8.751179E-01 -2.374175E-04 -2.381922E-04  3.121313E-03 -1.126643E-01  3.212531E-08
         6  20 -9.408123E-01  2.031461E-07 -1.096252E-07  3.121536E-03 -1.084703E-01 -3.563629E-08
         6  21 -1.006507E+00  2.382178E-04  2.381419E-04  3.121759E-03 -1.126643E-01 -2.233585E-08
         6  22 -2.593773E-13 -3.637237E-14 -7.164871E-14  9.196173E-15 -1.242028E-01  3.212533E-08
         6  23 -2.392223E-13 -1.014203E-14 -6.627121E-14  6.239603E-15 -1.200088E-01 -3.563632E-08
         6  24 -2.369395E-13 -2.899834E-15 -8.724921E-14  8.204167E-15 -1.242028E-01 -2.233584E-08
         6  25  8.751179E-01  2.374175E-04  2.381922E-04 -3.121313E-03 -1.126643E-01  3.212537E-08
         6  26  9.408123E-01 -2.031461E-07  1.096250E-07 -3.121536E-03 -1.084703E-01 -3.563626E-08
         6  27  1.006507E+00 -2.382178E-04 -2.381419E-04 -3.121759E-03 -1.126643E-01 -2.233582E-08
         7   1 -1.046175E+00 -2.381282E-04 -2.381615E-04 -3.121732E-03 -1.126643E-01  6.341586E-09
         7   2 -1.111869E+00 -2.497874E-08 -2.024890E-08 -3.121730E-03 -1.084704E-01  1.093964E-08
         7   3 -1.177563E+00  2.381239E-04  2.381406E-04 -3.121728E-03 -1.126643E-01  6.143832E-09
         7   4  2.455829E-13 -6.031013E-15  1.202481E-13 -2.031651E-14 -1.242028E-01  6.341575E-09
         7   5  2.513488E-13 -1.921327E-14  2.695019E-14 -2.006706E-14 -1.200088E-01  1.093952E-08
         7   6  3.017100E-13  1.090852E-14  6.034469E-14 -2.573834E-14 -1.242028E-01  6.143695E-09
         7   7  1.046175E+00  2.381282E-04  2.381615E-04  3.121732E-03 -1.126643E-01  6.341575E-09
         7   8  1.111869E+00  2.497867E-08  2.024890E-08  3.121730E-03 -1.084704E-01  1.093953E-08
         7   9  1.177563E+00 -2.381239E-04 -2.381406E-04  3.121728E-03 -1.126643E-01  6.143685E-09
         7  10 -1.046175E+00 -2.380789E-04 -2.381123E-04 -1.021056E-13 -1.018251E-01  1.721201E-14
         7  11 -1.111869E+00  2.426391E-08  2.899384E-08 -8.405204E-14 -9.763113E-02  4.360171E-14
         7  12 -1.177563E+00  2.381731E-04  2.381899E-04 -6.841468E-14 -1.018251E-01  3.147930E-14
         7  13 -6.526454E-15 -1.363116E-15  3.178550E-14  6.098283E-15 -1.133636E-01 -3.271801E-15
         7  14 -1.648013E-14 -5.065501E-16  2.621034E-14  4.682304E-15 -1.091696E-01  4.362512E-15
         7  15 -1.049649E-14  1.108356E-14  6.776935E-14 -3.966802E-15 -1.133635E-01 -8.211510E-15
         7  16  1.046175E+00  2.380789E-04  2.381123E-04  3.289731E-14 -1.018251E-01  4.052815E-14
         7  17  1.111869E+00 -2.426390E-08 -2.899379E-08  2.643163E-14 -9.763113E-02  1.175290E-14
         7  18  1.177563E+00 -2.381731E-04 -2.381899E-04  6.921425E-15 -1.018251E-01  1.077183E-14
         7  19 -1.046175E+00 -2.381282E-04 -2.381615E-04  3.121732E-03 -1.126643E-01 -6.341567E-09
         7  20 -1.111869E+00 -2.497869E-08 -2.024870E-08  3.121730E-03 -1.084704E-01 -1.093955E-08
         7  21 -1.177563E+00  2.381239E-04  2.381406E-04  3.121728E-03 -1.126643E-01 -6.143778E-09
         7  22 -2.557336E-13 -5.248063E-15 -8.825559E-14  2.859396E-14 -1.242028E-01 -6.341574E-09
         7  23 -2.936518E-13 -6.518732E-15 -4.736071E-14  2.281839E-14 -1.200088E-01 -1.093959E-08
         7  24 -3.523520E-13 -3.703327E-14 -5.598167E-14  1.097730E-14 -1.242028E-01 -6.143742E-09
         7  25  1.046175E+00  2.381282E-04  2.381615E-04 -3.121732E-03 -1.126643E-01 -6.341549E-09
         7  26  1.111869E+00  2.497872E-08  2.024863E-08 -3.121730E-03 -1.084704E-01 -1.093949E-08
         7  27  1.177563E+00 -2.381239E-04 -2.381406E-04 -3.121728E-03 -1.126643E-01 -6.143656E-09
         8   1 -1.217231E+00 -2.381717E-04 -2.381622E-04 -3.121718E-03 -1.126643E-01  2.201018E-09
         8   2 -1.282926E+00 -1.721372E-08 -2.565954E-08 -3.121707E-03 -1.084704E-01  2.369226E-10
         8   3 -1.348620E+00  2.381318E-04  2.381085E-04 -3.121696E-03 -1.126643E-01 -6.028013E-10
         8   4  1.771659E-13 -3.249102E-14  3.486437E-14 -4.774708E-14 -1.242028E-01  2.200943E-09
         8   5  2.546069E-13  2.378191E-14  1.205150E-13 -3.904648E-14 -1.200088E-01  2.369127E-10
         8   6  3.388903E-13  9.009143E-14  2.236808E-13 -3.482962E-14 -1.242028E-01 -6.027642E-10
         8   7  1.217231E+00  2.381717E-04  2.381622E-04  3.121718E-03 -1.126643E-01  2.200902E-09
         8   8  1.282926E+00  1.721364E-08  2.565969E-08  3.121707E-03 -1.084704E-01  2.368875E-10
         8   9  1.348620E+00 -2.381318E-04 -2.381085E-04  3.121696E-03 -1.126643E-01 -6.026579E-10
         8  10 -1.217231E+00 -2.381596E-04 -2.381501E-04 -6.241320E-14 -1.018251E-01  2.678034E-14
         8  11 -1.282926E+00 -5.121715E-09 -1.356759E-08 -5.603193E-14 -9.763112E-02  1.815585E-14
         8  12 -1.348620E+00  2.381439E-04  2.381206E-04 -4.407375E-14 -1.018251E-01 -8.956361E-15
         8  13 -4.004830E-14  5.070408E-15  7.488755E-14 -1.834253E-14 -1.133635E-01 -1.021924E-15
         8  14 -3.437272E-14  1.247542E-14  5.319746E-14 -1.680617E-14 -1.091696E-01  1.009538E-15
         8  15 -3.511310E-14  1.768050E-14  2.180751E-14 -2.070142E-14 -1.133635E-01  1.342285E-14
         8  16  1.217231E+00  2.381596E-04  2.381501E-04  1.042766E-15 -1.018251E-01  1.425579E-14
         8  17  1.282926E+00  5.121642E-09  1.356761E-08  9.687043E-15 -9.763112E-02  1.771671E-15
         8  18  1.348620E+00 -2.381439E-04 -2.381206E-04  1.906067E-15 -1.018251E-01  9.959269E-15
         8  19 -1.217231E+00 -2.381717E-04 -2.381622E-04  3.121718E-03 -1.126643E-01 -2.200980E-09
         8  20 -1.282926E+00 -1.721373E-08 -2.565956E-08  3.121707E-03 -1.084704E-01 -2.368778E-10
         8  21 -1.348620E+00  2.381318E-04  2.381085E-04  3.121696E-03 -1.126643E-01  6.028023E-10
         8  22 -3.859796E-13 -4.717463E-14 -5.594946E-14  1.527839E-14 -1.242028E-01 -2.200952E-09
         8  23 -3.670006E-13 -2.525432E-15  1.721358E-14  9.832975E-15 -1.200088E-01 -2.369074E-10
         8  24 -3.669969E-13  2.521370E-14  4.403562E-14 -4.568757E-16 -1.242028E-01  6.027269E-10
         8  25  1.217231E+00  2.381717E-04  2.381622E-04 -3.121718E-03 -1.126643E-01 -2.200884E-09
         8  26  1.282926E+00  1.721368E-08  2.565960E-08 -3.121707E-03 -1.084704E-01 -2.368999E-10
         8  27  1.348620E+00 -2.381318E-04 -2.381085E-04 -3.121696E-03 -1.126643E-01  6.026979E-10
         9   1 -1.388288E+00 -2.381983E-04 -2.381885E-04 -3.121667E-03 -1.126643E-01  8.303856E-09
         9   2 -1.453983E+00  1.078703E-08  1.078608E-07 -3.121699E-03 -1.084704E-01  2.493699E-08
         9   3 -1.519677E+00  2.383259E-04  2.384497E-04 -3.121731E-03 -1.126643E-01  1.974451E-08
         9   4  2.235002E-13  3.731035E-14  1.693161E-13  5.534241E-15 -1.242029E-01  8.303920E-09
         9   5  2.399113E-13 -6.561668E-16  7.462256E-14  2.250078E-14 -1.200089E-01  2.493704E-08
         9   6  2.542827E-13 -3.571935E-14 -2.977301E-14  3.366103E-14 -1.242029E-01  1.974454E-08
         9   7  1.388288E+00  2.381983E-04  2.381885E-04  3.121667E-03 -1.126643E-01  8.303961E-09
         9   8  1.453983E+00 -1.078703E-08 -1.078606E-07  3.121699E-03 -1.084704E-01  2.493708E-08
         9   9  1.519677E+00 -2.383259E-04 -2.384497E-04  3.121731E-03 -1.126643E-01  1.974451E-08
         9  10 -1.388288E+00 -2.381422E-04 -2.381325E-04 -6.816578E-14 -1.018250E-01 -1.224961E-14
         9  11 -1.453982E+00  6.683680E-08  1.639105E-07 -6.339733E-14 -9.763106E-02 -2.917231E-14
         9  12 -1.519677E+00  2.383820E-04  2.385057E-04 -7.012517E-14 -1.018250E-01 -3.345105E-14
         9  13 -5.500219E-14  1.250359E-14  2.709485E-14 -1.301427E-14 -1.133636E-01  9.096850E-15
         9  14 -4.168716E-14 -2.402356E-15  1.523345E-14 -4.258981E-15 -1.091696E-01 -7.169156E-15
         9  15 -1.911270E-14 -9.936558E-16  2.740895E-14 -2.753116E-15 -1.133635E-01 -3.044899E-14
         9  16  1.388288E+00  2.381422E-04  2.381325E-04  1.005522E-14 -1.018250E-01  6.192428E-15
         9  17  1.453982E+00 -6.683681E-08 -1.639104E-07  1.686090E-14 -9.763106E-02 -1.860625E-14
         9  18  1.519677E+00 -2.383820E-04 -2.385057E-04  1.966084E-14 -1.018250E-01 -2.603570E-14
         9  19 -1.388288E+00 -2.381983E-04 -2.381885E-04  3.121667E-03 -1.126643E-01 -8.303876E-09
         9  20 -1.453983E+00  1.078702E-08  1.078607E-07  3.121699E-03 -1.084704E-01 -2.493704E-08
         9  21 -1.519677E+00  2.383259E-04  2.384497E-04  3.121731E-03 -1.126643E-01 -1.974461E-08
         9  22 -3.452013E-13  3.629871E-14  5.816886E-14 -3.098396E-14 -1.242029E-01 -8.303882E-09
         9  23 -3.851320E-13 -2.506605E-15  2.316391E-14 -3.397510E-14 -1.200089E-01 -2.493705E-08
         9  24 -4.330608E-13 -4.930142E-14 -5.185693E-14 -4.042512E-14 -1.242029E-01 -1.974463E-08
         9  25  1.388288E+00  2.381983E-04  2.381885E-04 -3.121667E-03 -1.126643E-01 -8.303945E-09
         9  26  1.453983E+00 -1.078709E-08 -1.078607E-07 -3.121699E-03 -1.084704E-01 -2.493708E-08
         9  27  1.519677E+00 -2.383259E-04 -2.384497E-04 -3.121731E-03 -1.126643E-01 -1.974461E-08
        10   1 -1.559345E+00 -2.378329E-04 -2.380082E-04 -3.121851E-03 -1.126646E-01 -3.811507E-09
        10   2 -1.625039E+00  2.595290E-07 -9.635998E-07 -3.122043E-03 -1.084707E-01 -7.718018E-08
        10   3 -1.690733E+00  2.384401E-04  2.361188E-04 -3.122235E-03 -1.126646E-01 -1.686736E-07
        10   4  3.617378E-13 -3.186573E-15 -4.327426E-14  6.828436E-15 -1.242024E-01 -3.811482E-09
        10   5  3.412662E-13 -4.000729E-14 -1.814182E-13 -4.382512E-15 -1.200085E-01 -7.718030E-08
        10   6  3.843621E-13 -2.866228E-14 -1.842967E-13 -1.930579E-14 -1.242024E-01 -1.686737E-07
        10   7  1.559345E+00  2.378329E-04  2.380082E-04  3.121851E-03 -1.126646E-01 -3.811528E-09
        10   8  1.625039E+00 -2.595290E-07  9.635994E-07  3.122043E-03 -1.084707E-01 -7.718034E-08
        10   9  1.690733E+00 -2.384401E-04 -2.361188E-04  3.122235E-03 -1.126646E-01 -1.686737E-07
        10  10 -1.559345E+00 -2.380573E-04 -2.382326E-04 -1.032951E-13 -1.018253E-01 -2.147355E-14
        10  11 -1.625040E+00  3.518772E-08 -1.187941E-06 -9.944045E-14 -9.763142E-02  2.274974E-14
        10  12 -1.690734E+00  2.382157E-04  2.358945E-04 -1.002054E-13 -1.018254E-01  6.205533E-14
        10  13 -6.558199E-14 -2.604789E-14 -2.179690E-14 -9.942874E-15 -1.133632E-01 -3.446810E-14
        10  14 -6.591969E-14 -2.756560E-14 -5.935192E-14 -6.851423E-15 -1.091693E-01 -1.937834E-14
        10  15 -3.789970E-14 -5.240957E-15 -7.250134E-15 -9.261250E-15 -1.133632E-01  1.227780E-14
        10  16  1.559345E+00  2.380573E-04  2.382326E-04  4.280287E-14 -1.018253E-01 -2.980211E-14
        10  17  1.625040E+00 -3.518767E-08  1.187941E-06  4.902188E-14 -9.763142E-02 -9.668750E-15
        10  18  1.690734E+00 -2.382157E-04 -2.358945E-04  4.698064E-14 -1.018254E-01  8.943590E-15
        10  19 -1.559345E+00 -2.378329E-04 -2.380082E-04  3.121851E-03 -1.126646E-01  3.811401E-09
        10  20 -1.625039E+00  2.595291E-07 -9.635995E-07  3.122043E-03 -1.084707E-01  7.718024E-08
        10  21 -1.690733E+00  2.384401E-04  2.361188E-04  3.122235E-03 -1.126646E-01  1.686737E-07
        10  22 -3.544208E-13 -2.024152E-14 -4.409395E-14 -2.767946E-14 -1.242024E-01  3.811435E-09
        10  23 -3.954982E-13 -3.435684E-14 -7.915099E-14 -1.179676E-14 -1.200085E-01  7.718025E-08
        10  24 -3.997197E-13 -2.094614E-14 -2.125238E-14 -5.874382E-16 -1.242024E-01  1.686737E-07
        10  25  1.559345E+00  2.378329E-04  2.380082E-04 -3.121851E-03 -1.126646E-01  3.811506E-09
        10  26  1.625039E+00 -2.595290E-07  9.635994E-07 -3.122043E-03 -1.084707E-01  7.718028E-08
        10  27  1.690733E+00 -2.384401E-04 -2.361188E-04 -3.122235E-03 -1.126646E-01  1.686738E-07
        11   1 -1.730399E+00 -2.361835E-04 -2.371356E-04 -3.121966E-03 -1.126624E-01 -2.042822E-07
        11   2 -1.796093E+00  3.909795E-06  8.363803E-06 -3.124518E-03 -1.084680E-01 -3.782391E-07
        11   3 -1.861787E+00  2.451688E-04  2.543628E-04 -3.127069E-03 -1.126618E-01 -7.919813E-07
        11   4  3.608756E-13 -3.183436E-14 -1.574304E-13 -4.379540E-14 -1.242048E-01 -2.042824E-07
        11   5  3.758763E-13 -1.069786E-14 -6.690036E-14 -3.418788E-14 -1.200104E-01 -3.782392E-07
        11   6  3.832425E-13 -2.814473E-15  6.690751E-15 -2.471639E-14 -1.242043E-01 -7.919814E-07
        11   7  1.730399E+00  2.361835E-04  2.371356E-04  3.121966E-03 -1.126624E-01 -2.042825E-07
        11   8  1.796093E+00 -3.909795E-06 -8.363803E-06  3.124518E-03 -1.084680E-01 -3.782391E-07
        11   9  1.861787E+00 -2.451688E-04 -2.543628E-04  3.127069E-03 -1.126618E-01 -7.919812E-07
        11  10 -1.730406E+00 -2.391629E-04 -2.401149E-04 -8.774226E-14 -1.018237E-01  5.565823E-14
        11  11 -1.796100E+00  9.304695E-07  5.384478E-06 -7.849773E-14 -9.762991E-02  1.455955E-14
        11  12 -1.861794E+00  2.421894E-04  2.513834E-04 -7.291286E-14 -1.018244E-01  6.488124E-15
        11  13  1.269017E-14  2.304263E-14  3.348808E-14 -2.033721E-14 -1.133661E-01  4.762030E-15
        11  14 -1.563635E-14  8.759773E-15 -1.344710E-14 -1.841326E-14 -1.091723E-01 -8.622973E-15
        11  15 -3.599903E-14 -6.461637E-15 -5.187112E-14 -1.496273E-14 -1.133669E-01 -1.220996E-14
        11  16  1.730406E+00  2.391629E-04  2.401149E-04  4.718081E-14 -1.018237E-01  9.934240E-15
        11  17  1.796100E+00 -9.304695E-07 -5.384478E-06  3.302956E-14 -9.762991E-02  5.097076E-14
        11  18  1.861794E+00 -2.421894E-04 -2.513834E-04  2.629048E-14 -1.018244E-01  6.085772E-14
        11  19 -1.730399E+00 -2.361835E-04 -2.371356E-04  3.121966E-03 -1.126624E-01  2.042823E-07
        11  20 -1.796093E+00  3.909795E-06  8.363804E-06  3.124518E-03 -1.084680E-01  3.782392E-07
        11  21 -1.861787E+00  2.451688E-04  2.543628E-04  3.127069E-03 -1.126618E-01  7.919813E-07
        11  22 -4.508886E-13 -2.859702E-14 -1.577431E-14  1.896111E-14 -1.242048E-01  2.042823E-07
        11  23 -4.433444E-13 -4.061268E-15 -3.176460E-14  1.308208E-14 -1.200104E-01  3.782391E-07
        11  24 -4.381862E-13  1.518093E-14 -4.329942E-14  9.998853E-15 -1.242043E-01  7.919813E-07
        11  25  1.730399E+00  2.361835E-04  2.371356E-04 -3.121966E-03 -1.126624E-01  2.042824E-07
        11  26  1.796093E+00 -3.909795E-06 -8.363804E-06 -3.124518E-03 -1.084680E-01  3.782392E-07
        11  27  1.861787E+00 -2.451688E-04 -2.543628E-04 -3.127069E-03 -1.126618E-01  7.919814E-07
        12   1 -1.901442E+00 -2.239656E-04 -2.269420E-04 -3.138514E-03 -1.126725E-01 -2.953408E-06
        12   2 -1.967127E+00 -4.067185E-06 -3.672906E-05 -3.123058E-03 -1.084784E-01 -3.891315E-06
        12   3 -2.032831E+00  1.712391E-04  1.343730E-04 -3.107602E-03 -1.126686E-01  4.344006E-06
        12   4  4.135973E-13  4.524928E-15  2.582558E-14 -3.645352E-15 -1.241847E-01 -2.953408E-06
        12   5  3.668214E-13 -4.678603E-14 -7.759727E-14  4.585634E-15 -1.199906E-01 -3.891315E-06
        12   6  3.425366E-13 -7.772666E-14 -1.347208E-13  9.216518E-15 -1.241807E-01  4.344006E-06
        12   7  1.901442E+00  2.239656E-04  2.269420E-04  3.138514E-03 -1.126725E-01 -2.953407E-06
        12   8  1.967127E+00  4.067185E-06  3.672906E-05  3.123058E-03 -1.084784E-01 -3.891315E-06
        12   9  2.032831E+00 -1.712391E-04 -1.343730E-04  3.107602E-03 -1.126686E-01  4.344006E-06
        12  10 -1.901488E+00 -2.439136E-04 -2.468900E-04 -6.825616E-14 -1.018393E-01  2.201269E-14
        12  11 -1.967173E+00 -2.401519E-05 -5.667706E-05 -5.324711E-14 -9.764966E-02  7.368708E-14
        12  12 -2.032877E+00  1.512911E-04  1.144250E-04 -4.523120E-14 -1.018442E-01  8.628043E-14
        12  13 -5.325201E-14 -1.771098E-14 -5.544127E-14  3.338220E-15 -1.133515E-01 -9.778178E-15
        12  14 -3.919763E-14 -1.045873E-14  7.871339E-15  2.414784E-15 -1.091619E-01 -5.244408E-15
        12  15 -4.378612E-14 -2.116520E-14  3.174316E-14 -2.633784E-17 -1.133564E-01 -1.094306E-14
        12  16  1.901488E+00  2.439136E-04  2.468900E-04  4.332773E-14 -1.018393E-01  7.113059E-14
        12  17  1.967173E+00  2.401519E-05  5.667706E-05  3.234233E-14 -9.764966E-02  6.144366E-14
        12  18  2.032877E+00 -1.512911E-04 -1.144250E-04  2.199787E-14 -1.018442E-01  6.248017E-14
        12  19 -1.901442E+00 -2.239656E-04 -2.269420E-04  3.138514E-03 -1.126725E-01  2.953408E-06
        12  20 -1.967127E+00 -4.067185E-06 -3.672906E-05  3.123058E-03 -1.084784E-01  3.891315E-06
        12  21 -2.032831E+00  1.712391E-04  1.343730E-04  3.107602E-03 -1.126686E-01 -4.344006E-06
        12  22 -5.328605E-13 -2.082512E-14 -6.080256E-14  1.805824E-15 -1.241847E-01  2.953408E-06
        12  23 -5.313458E-13 -2.805464E-14  9.566983E-17 -7.207904E-15 -1.199906E-01  3.891315E-06
        12  24 -5.588580E-13 -6.515765E-14 -8.260512E-15 -1.748698E-14 -1.241807E-01 -4.344006E-06
        12  25  1.901442E+00  2.239656E-04  2.269420E-04 -3.138514E-03 -1.126725E-01  2.953408E-06
        12  26  1.967127E+00  4.067185E-06  3.672906E-05 -3.123058E-03 -1.084784E-01  3.891315E-06
        12  27  2.032831E+00 -1.712391E-04 -1.343730E-04 -3.107602E-03 -1.126686E-01 -4.344006E-06
        13   1 -2.072604E+00 -3.709357E-04 -2.916838E-04 -3.050534E-03 -1.125321E-01 -1.059201E-06
        13   2 -2.138293E+00 -1.308528E-04  3.421680E-04 -2.988186E-03 -1.083390E-01 -3.127330E-05
        13   3 -2.203990E+00  9.032331E-05  9.679169E-04 -2.925838E-03 -1.125483E-01 -5.759800E-05
        13   4  3.959308E-13 -6.223821E-14 -1.133445E-13 -5.021239E-15 -1.242991E-01 -1.059201E-06
        13   5  3.732950E-13 -7.692556E-14 -7.331293E-14 -9.558256E-15 -1.201059E-01 -3.127330E-05
        13   6  3.563333E-13 -8.667427E-14 -9.819528E-15 -1.143507E-14 -1.243153E-01 -5.759800E-05
        13   7  2.072604E+00  3.709357E-04  2.916838E-04  3.050534E-03 -1.125321E-01 -1.059201E-06
        13   8  2.138293E+00  1.308528E-04 -3.421680E-04  2.988186E-03 -1.083390E-01 -3.127330E-05
        13   9  2.203990E+00 -9.032331E-05 -9.679169E-04  2.925838E-03 -1.125483E-01 -5.759800E-05
        13  10 -2.072411E+00 -2.884377E-04 -2.091858E-04  1.502748E-14 -1.017691E-01  6.873746E-14
        13  11 -2.138100E+00 -4.835482E-05  4.246660E-04  2.749601E-14 -9.755778E-02  3.106568E-14
        13  12 -2.203798E+00  1.728213E-04  1.050415E-03  5.080353E-14 -1.017489E-01 -2.490628E-14
        13  13 -3.413039E-14 -1.541944E-14  5.343979E-14 -9.939671E-15 -1.135361E-01 -4.774458E-15
        13  14 -5.744806E-14 -2.531250E-14  3.778451E-14 -1.309429E-14 -1.093248E-01 -3.124718E-15
        13  15 -5.086231E-14 -1.213501E-14  8.213489E-14 -1.212281E-14 -1.135159E-01 -4.433466E-15
        13  16  2.072411E+00  2.884377E-04  2.091858E-04 -1.925763E-14 -1.017691E-01  4.738599E-14
        13  17  2.138100E+00  4.835482E-05 -4.246660E-04 -3.742316E-14 -9.755778E-02  6.920743E-14
        13  18  2.203798E+00 -1.728213E-04 -1.050415E-03 -5.593962E-14 -1.017489E-01  3.507376E-14
        13  19 -2.072604E+00 -3.709357E-04 -2.916838E-04  3.050534E-03 -1.125321E-01  1.059201E-06
        13  20 -2.138293E+00 -1.308528E-04  3.421680E-04  2.988186E-03 -1.083390E-01  3.127330E-05
        13  21 -2.203990E+00  9.032331E-05  9.679169E-04  2.925838E-03 -1.125483E-01  5.759800E-05
        13  22 -5.513897E-13 -7.226956E-14 -3.910419E-14  2.719574E-15 -1.242991E-01  1.059201E-06
        13  23 -5.750942E-13 -8.543693E-14 -1.369697E-13  1.411586E-15 -1.201059E-01  3.127330E-05
        13  24 -5.750333E-13 -7.425740E-14 -1.645481E-13  4.977243E-15 -1.243153E-01  5.759800E-05
        13  25  2.072604E+00  3.709357E-04  2.916838E-04 -3.050534E-03 -1.125321E-01  1.059201E-06
        13  26  2.138293E+00  1.308528E-04 -3.421680E-04 -2.988186E-03 -1.083390E-01  3.127330E-05
        13  27  2.203990E+00 -9.032331E-05 -9.679169E-04 -2.925838E-03 -1.125483E-01  5.759800E-05
        14   1 -2.245128E+00 -1.110343E-03 -7.844477E-04 -3.119398E-03 -1.137236E-01  1.277147E-04
        14   2 -2.310708E+00 -1.425879E-03 -3.194519E-03 -1.867442E-03 -1.097411E-01  8.650055E-04
        14   3 -2.376535E+00 -2.318662E-03 -5.851980E-03 -6.154870E-04 -1.140095E-01  1.721044E-03
        14   4  3.259938E-13 -1.092115E-13 -3.742241E-14  1.196903E-14 -1.238011E-01  1.277147E-04
        14   5  3.209784E-13 -1.340497E-13 -1.573737E-13  1.332658E-14 -1.198186E-01  8.650055E-04
        14   6  3.689968E-13 -1.014584E-13 -1.627183E-13  8.873284E-15 -1.240870E-01  1.721044E-03
        14   7  2.245128E+00  1.110343E-03  7.844477E-04  3.119398E-03 -1.137236E-01  1.277147E-04
        14   8  2.310708E+00  1.425879E-03  3.194519E-03  1.867442E-03 -1.097411E-01  8.650055E-04
        14   9  2.376535E+00  2.318662E-03  5.851980E-03  6.154870E-04 -1.140095E-01  1.721044E-03
        14  10 -2.241730E+00  3.461848E-04  6.720798E-04  6.727534E-14 -1.018935E-01 -5.468703E-14
        14  11 -2.307310E+00  3.064822E-05 -1.737991E-03  5.819650E-14 -9.758931E-02 -4.123562E-14
        14  12 -2.373137E+00 -8.621340E-04 -4.395453E-03  3.946548E-14 -1.015361E-01 -3.943282E-14
        14  13 -4.439868E-15 -8.170438E-15  6.452165E-14  2.324333E-14 -1.119710E-01 -3.112631E-14
        14  14 -2.286859E-14 -3.694063E-14  1.051754E-14  2.378216E-14 -1.076668E-01 -4.128584E-14
        14  15 -1.077174E-14 -3.024233E-14  2.042513E-14  1.903138E-14 -1.116136E-01 -3.905221E-14
        14  16  2.241730E+00 -3.461848E-04 -6.720798E-04 -8.116041E-14 -1.018935E-01  2.431141E-14
        14  17  2.307310E+00 -3.064822E-05  1.737991E-03 -8.263020E-14 -9.758931E-02 -4.152945E-15
        14  18  2.373137E+00  8.621340E-04  4.395453E-03 -8.915777E-14 -1.015361E-01 -2.611418E-14
        14  19 -2.245128E+00 -1.110343E-03 -7.844477E-04  3.119398E-03 -1.137236E-01 -1.277147E-04
        14  20 -2.310708E+00 -1.425879E-03 -3.194519E-03  1.867442E-03 -1.097411E-01 -8.650055E-04
        14  21 -2.376535E+00 -2.318662E-03 -5.851980E-03  6.154870E-04 -1.140095E-01 -1.721044E-03
        14  22 -5.084062E-13 -5.261217E-14 -1.455373E-13  1.757628E-14 -1.238011E-01 -1.277147E-04
        14  23 -5.469870E-13 -9.355829E-14 -1.537422E-13  1.791232E-14 -1.198186E-01 -8.650055E-04
        14  24 -5.433349E-13 -8.613130E-14 -6.717204E-14  1.254784E-14 -1.240870E-01 -1.721044E-03
        14  25  2.245128E+00  1.110343E-03  7.844477E-04 -3.119398E-03 -1.137236E-01 -1.277147E-04
        14  26  2.310708E+00  1.425879E-03  3.194519E-03 -1.867442E-03 -1.097411E-01 -8.650055E-04
        14  27  2.376535E+00  2.318662E-03  5.851980E-03 -6.154870E-04 -1.140095E-01 -1.721044E-03
        15   1 -2.418549E+00 -5.221871E-03 -3.536545E-03  5.305153E-03 -1.060571E-01  8.048906E-04
        15   2 -2.488700E+00  7.962806E-04  1.412888E-02 -4.432922E-03 -1.016891E-01 -6.097945E-03
        15   3 -2.549745E+00  2.806479E-02  4.090161E-02 -1.417100E-02 -1.071639E-01 -1.737228E-02
        15   4  3.535296E-13 -8.929379E-14 -1.398736E-13  2.400824E-14 -1.274826E-01  8.048906E-04
        15   5  3.876549E-13 -4.378384E-14 -8.467670E-14  8.630375E-15 -1.231146E-01 -6.097945E-03
        15   6  4.086277E-13 -1.232811E-15 -7.451342E-14 -6.820912E-15 -1.285894E-01 -1.737228E-02
        15   7  2.418549E+00  5.221871E-03  3.536545E-03 -5.305153E-03 -1.060571E-01  8.048906E-04
        15   8  2.488700E+00 -7.962806E-04 -1.412888E-02  4.432922E-03 -1.016891E-01 -6.097945E-03
        15   9  2.549745E+00 -2.806479E-02 -4.090161E-02  1.417100E-02 -1.071639E-01 -1.737228E-02
        15  10 -2.405392E+00  4.168047E-04  2.102131E-03  7.320465E-14 -1.009245E-01 -3.752524E-14
        15  11 -2.475543E+00  6.434956E-03  1.976756E-02  5.124616E-14 -9.531136E-02 -4.800286E-14
        15  12 -2.536588E+00  3.370346E-02  4.654028E-02  3.771423E-14 -9.954097E-02 -5.353697E-14
        15  13 -5.655292E-14 -4.694077E-14  3.104262E-15  2.894330E-14 -1.223501E-01 -3.570291E-14
        15  14 -3.197663E-14 -1.732665E-14  3.643757E-14  2.617645E-14 -1.167369E-01 -2.033216E-14
        15  15 -2.808923E-14  3.784861E-15  1.405392E-14  2.380846E-14 -1.209665E-01 -3.842129E-14
        15  16  2.405392E+00 -4.168047E-04 -2.102131E-03 -4.704804E-14 -1.009245E-01 -2.855224E-14
        15  17  2.475543E+00 -6.434956E-03 -1.976756E-02 -2.380866E-14 -9.531136E-02 -1.081446E-14
        15  18  2.536588E+00 -3.370346E-02 -4.654028E-02 -7.361247E-15 -9.954097E-02 -2.848082E-14
        15  19 -2.418549E+00 -5.221871E-03 -3.536545E-03 -5.305153E-03 -1.060571E-01 -8.048906E-04
        15  20 -2.488700E+00  7.962806E-04  1.412888E-02  4.432922E-03 -1.016891E-01  6.097945E-03
        15  21 -2.549745E+00  2.806479E-02  4.090161E-02  1.417100E-02 -1.071639E-01  1.737228E-02
        15  22 -5.236009E-13 -6.735992E-14 -6.526413E-15  2.824037E-14 -1.274826E-01 -8.048906E-04
        15  23 -5.192356E-13 -6.301224E-14 -1.529664E-14  3.843039E-14 -1.231146E-01  6.097945E-03
        15  24 -4.978117E-13 -3.154047E-14  9.278271E-16  4.910670E-14 -1.285894E-01  1.737228E-02
        15  25  2.418549E+00  5.221871E-03  3.536545E-03  5.305153E-03 -1.060571E-01 -8.048906E-04
        15  26  2.488700E+00 -7.962806E-04 -1.412888E-02 -4.432922E-03 -1.016891E-01  6.097945E-03
        15  27  2.549745E+00 -2.806479E-02 -4.090161E-02 -1.417100E-02 -1.071639E-01  1.737228E-02
        16   1 -2.571850E+00  5.434081E-02  1.244533E-02 -5.446002E-02 -2.062973E-01  4.181510E-03
        16   2 -2.631610E+00  7.139781E-02 -1.393602E-01 -4.573917E-02 -2.035272E-01  9.626764E-02
        16   3 -2.704024E+00  5.892979E-02 -3.038194E-01 -3.701832E-02 -2.032205E-01  1.944275E-01
        16   4  3.848329E-13  1.097623E-14 -5.486512E-14  2.545318E-14 -1.256037E-01  4.181510E-03
        16   5  3.492824E-13  8.936106E-15 -4.622011E-14  1.596733E-14 -1.228336E-01  9.626764E-02
        16   6  2.693438E-13 -3.460150E-14 -1.419623E-13  1.382276E-14 -1.225269E-01  1.944275E-01
        16   7  2.571850E+00 -5.434081E-02 -1.244533E-02  5.446002E-02 -2.062973E-01  4.181510E-03
        16   8  2.631610E+00 -7.139781E-02  1.393602E-01  4.573917E-02 -2.035272E-01  9.626764E-02
        16   9  2.704024E+00 -5.892979E-02  3.038194E-01  3.701832E-02 -2.032205E-01  1.944275E-01
        16  10 -2.608423E+00  3.866671E-02 -3.228781E-03  3.646452E-14 -7.405367E-02 -3.619888E-14
        16  11 -2.668183E+00  5.572371E-02 -1.550344E-01  3.872194E-14 -7.474494E-02  6.788248E-15
        16  12 -2.740597E+00  4.325569E-02 -3.194935E-01  4.758749E-14 -7.789963E-02  4.931825E-14
        16  13 -2.956823E-14  5.806991E-15 -7.128371E-15  2.511386E-14  6.639897E-03 -2.848216E-14
        16  14 -3.157848E-14 -8.904163E-16 -1.543273E-14  1.763778E-14  5.948621E-03  5.127735E-15
        16  15 -3.709496E-14 -8.289069E-15 -3.353742E-14  1.711263E-14  2.793936E-03 -1.850108E-14
        16  16  2.608423E+00 -3.866671E-02  3.228781E-03  1.982273E-14 -7.405367E-02 -3.088078E-15
        16  17  2.668183E+00 -5.572371E-02  1.550344E-01  1.228384E-14 -7.474494E-02  6.388602E-14
        16  18  2.740597E+00 -4.325569E-02  3.194935E-01  1.705891E-14 -7.789963E-02  2.317181E-14
        16  19 -2.571850E+00  5.434081E-02  1.244533E-02  5.446002E-02 -2.062973E-01 -4.181510E-03
        16  20 -2.631610E+00  7.139781E-02 -1.393602E-01  4.573917E-02 -2.035272E-01 -9.626764E-02
        16  21 -2.704024E+00  5.892979E-02 -3.038194E-01  3.701832E-02 -2.032205E-01 -1.944275E-01
        16  22 -4.743196E-13 -2.639441E-14 -1.929680E-14  1.713767E-14 -1.256037E-01 -4.181510E-03
        16  23 -4.479035E-13 -4.265782E-14 -5.609543E-14  1.128330E-14 -1.228336E-01 -9.626764E-02
        16  24 -3.696551E-13 -4.523389E-15  2.577893E-14  1.251971E-14 -1.225269E-01 -1.944275E-01
        16  25  2.571850E+00 -5.434081E-02 -1.244533E-02 -5.446002E-02 -2.062973E-01 -4.181510E-03
        16  26  2.631610E+00 -7.139781E-02  1.393602E-01 -4.573917E-02 -2.035272E-01 -9.626764E-02
        16  27  2.704024E+00 -5.892979E-02  3.038194E-01 -3.701832E-02 -2.032205E-01 -1.944275E-01
        17   1 -2.704024E+00  5.892979E-02 -3.038194E-01  3.701832E-02  2.032205E-01  1.944275E-01
        17   2 -2.631610E+00  7.139781E-02 -1.393602E-01  4.573917E-02  2.035272E-01  9.626764E-02
        17   3 -2.571850E+00  5.434081E-02  1.244533E-02  5.446002E-02  2.062973E-01  4.181510E-03
        17   4  2.239299E-13 -4.473215E-14 -1.710771E-13  7.361329E-15  1.225269E-01  1.944275E-01
        17   5  2.702352E-13  2.339975E-14 -1.082856E-13 -1.209073E-15  1.228336E-01  9.626764E-02
        17   6  2.900774E-13  7.177545E-14 -1.137903E-13 -1.048275E-14  1.256037E-01  4.181510E-03
        17   7  2.704024E+00 -5.892979E-02  3.038194E-01 -3.701832E-02  2.032205E-01  1.944275E-01
        17   8  2.631610E+00 -7.139781E-02  1.393602E-01 -4.573917E-02  2.035272E-01  9.626764E-02
        17   9  2.571850E+00 -5.434081E-02 -1.244533E-02 -5.446002E-02  2.062973E-01  4.181510E-03
        17  10 -2.740597E+00  4.325569E-02 -3.194935E-01 -2.546469E-14  7.789963E-02  4.656989E-14
        17  11 -2.668183E+00  5.572371E-02 -1.550344E-01 -1.785952E-14  7.474494E-02  2.192326E-14
        17  12 -2.608423E+00  3.866671E-02 -3.228781E-03  2.795614E-15  7.405367E-02 -1.658567E-14
        17  13 -6.713681E-14 -1.227722E-14 -2.382421E-14  2.203743E-14 -2.793936E-03 -3.574581E-14
        17  14 -6.356174E-14 -2.475893E-15 -3.119541E-14  2.107908E-14 -5.948621E-03 -1.028756E-14
        17  15 -6.072213E-14  1.254201E-14 -4.860640E-14  1.955721E-14 -6.639897E-03  2.457426E-14
        17  16  2.740597E+00 -4.325569E-02  3.194935E-01  2.787189E-14  7.789963E-02 -1.535124E-14
        17  17  2.668183E+00 -5.572371E-02  1.550344E-01  3.211226E-14  7.474494E-02 -2.141658E-14
        17  18  2.608423E+00 -3.866671E-02  3.228781E-03  2.319689E-14  7.405367E-02 -5.562576E-14
        17  19 -2.704024E+00  5.892979E-02 -3.038194E-01 -3.701832E-02  2.032205E-01 -1.944275E-01
        17  20 -2.631610E+00  7.139781E-02 -1.393602E-01 -4.573917E-02  2.035272E-01 -9.626764E-02
        17  21 -2.571850E+00  5.434081E-02  1.244533E-02 -5.446002E-02  2.062973E-01 -4.181510E-03
        17  22 -3.743037E-13  1.373566E-15  7.595898E-14  1.569694E-14  1.225269E-01 -1.944275E-01
        17  23 -3.478119E-13  1.717958E-14  1.484150E-13  2.286662E-14  1.228336E-01 -9.626764E-02
        17  24 -3.279500E-13  3.270486E-14  1.978083E-13  2.914568E-14  1.256037E-01 -4.181510E-03
        17  25  2.704024E+00 -5.892979E-02  3.038194E-01  3.701832E-02  2.032205E-01 -1.944275E-01
        17  26  2.631610E+00 -7.139781E-02  1.393602E-01  4.573917E-02  2.035272E-01 -9.626764E-02
        17  27  2.571850E+00 -5.434081E-02 -1.244533E-02  5.446002E-02  2.062973E-01 -4.181510E-03
        18   1 -2.549745E+00  2.806479E-02  4.090161E-02  1.417100E-02  1.071639E-01 -1.737228E-02
        18   2 -2.488700E+00  7.962806E-04  1.412888E-02  4.432922E-03  1.016891E-01 -6.097945E-03
        18   3 -2.418549E+00 -5.221871E-03 -3.536545E-03 -5.305153E-03  1.060571E-01  8.048906E-04
        18   4  2.734748E-13  7.578867E-14 -1.143653E-13 -1.101237E-14  1.285894E-01 -1.737228E-02
        18   5  2.206173E-13  3.569192E-14 -1.137913E-13 -3.392024E-15  1.231146E-01 -6.097945E-03
        18   6  1.757836E-13 -4.565175E-15 -8.808998E-14  9.323751E-15  1.274826E-01  8.048906E-04
        18   7  2.549745E+00 -2.806479E-02 -4.090161E-02 -1.417100E-02  1.071639E-01 -1.737228E-02
        18   8  2.488700E+00 -7.962806E-04 -1.412888E-02 -4.432922E-03  1.016891E-01 -6.097945E-03
        18   9  2.418549E+00  5.221871E-03  3.536545E-03  5.305153E-03  1.060571E-01  8.048906E-04
        18  10 -2.536588E+00  3.370346E-02  4.654028E-02 -3.403909E-15  9.954097E-02 -4.286204E-14
        18  11 -2.475543E+00  6.434956E-03  1.976756E-02 -1.309367E-14  9.531136E-02 -4.727062E-14
        18  12 -2.405392E+00  4.168047E-04  2.102131E-03 -2.598949E-14  1.009245E-01 -4.285962E-14
        18  13 -7.330197E-15  3.178955E-14 -6.096693E-14 -1.893580E-14  1.209665E-01  1.800587E-14
        18  14 -1.570106E-14  2.557551E-14 -4.826622E-14 -1.658347E-14  1.167369E-01 -4.086615E-15
        18  15 -7.128716E-15  2.897580E-14  1.366920E-14 -9.157021E-15  1.223501E-01 -4.890362E-14
        18  16  2.536588E+00 -3.370346E-02 -4.654028E-02  8.150019E-14  9.954097E-02 -5.290112E-14
        18  17  2.475543E+00 -6.434956E-03 -1.976756E-02  8.721986E-14  9.531136E-02 -2.943501E-14
        18  18  2.405392E+00 -4.168047E-04 -2.102131E-03  1.061701E-13  1.009245E-01 -3.950464E-14
        18  19 -2.549745E+00  2.806479E-02  4.090161E-02 -1.417100E-02  1.071639E-01  1.737228E-02
        18  20 -2.488700E+00  7.962806E-04  1.412888E-02 -4.432922E-03  1.016891E-01  6.097945E-03
        18  21 -2.418549E+00 -5.221871E-03 -3.536545E-03  5.305153E-03  1.060571E-01 -8.048906E-04
        18  22 -1.635700E-13  9.559411E-14  2.272119E-13 -1.265973E-14  1.285894E-01  1.737228E-02
        18  23 -2.181972E-13  3.563273E-14  5.053380E-14 -1.560516E-14  1.231146E-01  6.097945E-03
        18  24 -2.144948E-13  2.607338E-14  1.818187E-14 -1.354911E-14  1.274826E-01 -8.048906E-04
        18  25  2.549745E+00 -2.806479E-02 -4.090161E-02  1.417100E-02  1.071639E-01  1.737228E-02
        18  26  2.488700E+00 -7.962806E-04 -1.412888E-02  4.432922E-03  1.016891E-01  6.097945E-03
        18  27  2.418549E+00  5.221871E-03  3.536545E-03 -5.305153E-03  1.060571E-01 -8.048906E-04
        19   1 -2.376535E+00 -2.318662E-03 -5.851980E-03  6.154870E-04  1.140095E-01  1.721044E-03
        19   2 -2.310708E+00 -1.425879E-03 -3.194519E-03  1.867442E-03  1.097411E-01  8.650055E-04
        19   3 -2.245128E+00 -1.110343E-03 -7.844477E-04  3.119398E-03  1.137236E-01  1.277147E-04
        19   4  1.378572E-13 -3.664117E-14 -7.778436E-14  3.283403E-14  1.240870E-01  1.721044E-03
        19   5  1.336878E-13 -6.643800E-14 -5.951393E-14  1.910333E-14  1.198186E-01  8.650055E-04
        19   6  8.837575E-14 -1.275600E-13 -1.423169E-13  6.109732E-15  1.238011E-01  1.277147E-04
        19   7  2.376535E+00  2.318662E-03  5.851980E-03 -6.154870E-04  1.140095E-01  1.721044E-03
        19   8  2.310708E+00  1.425879E-03  3.194519E-03 -1.867442E-03  1.097411E-01  8.650055E-04
        19   9  2.245128E+00  1.110343E-03  7.844477E-04 -3.119398E-03  1.137236E-01  1.277147E-04
        19  10 -2.373137E+00 -8.621340E-04 -4.395453E-03 -8.591795E-14  1.015361E-01 -3.903669E-14
        19  11 -2.307310E+00  3.064822E-05 -1.737991E-03 -8.904908E-14  9.758931E-02 -3.989923E-14
        19  12 -2.241730E+00  3.461848E-04  6.720798E-04 -9.303753E-14  1.018935E-01 -2.663879E-14
        19  13 -2.240379E-14  1.084799E-14  3.068563E-14  8.900829E-15  1.116136E-01 -2.910198E-14
        19  14 -2.564050E-14 -2.078613E-14  3.730056E-14  5.048741E-15  1.076668E-01 -1.323036E-14
        19  15 -4.574986E-14 -5.968071E-14 -3.228353E-16  2.166238E-15  1.119710E-01 -1.714252E-14
        19  16  2.373137E+00  8.621340E-04  4.395453E-03  1.639809E-13  1.015361E-01 -2.377560E-14
        19  17  2.307310E+00 -3.064822E-05  1.737991E-03  1.572434E-13  9.758931E-02 -6.531371E-15
        19  18  2.241730E+00 -3.461848E-04 -6.720798E-04  1.514569E-13  1.018935E-01 -3.795237E-14
        19  19 -2.376535E+00 -2.318662E-03 -5.851980E-03 -6.154870E-04  1.140095E-01 -1.721044E-03
        19  20 -2.310708E+00 -1.425879E-03 -3.194519E-03 -1.867442E-03  1.097411E-01 -8.650055E-04
        19  21 -2.245128E+00 -1.110343E-03 -7.844477E-04 -3.119398E-03  1.137236E-01 -1.277147E-04
        19  22 -2.526333E-13 -1.270031E-14 -2.837152E-14 -1.381076E-14  1.240870E-01 -1.721044E-03
        19  23 -2.790126E-13 -7.188050E-14 -9.388382E-14 -8.164720E-15  1.198186E-01 -8.650055E-04
        19  24 -2.917498E-13 -1.071649E-13 -1.307028E-13 -1.256758E-15  1.238011E-01 -1.277147E-04
        19  25  2.376535E+00  2.318662E-03  5.851980E-03  6.154870E-04  1.140095E-01 -1.721044E-03
        19  26  2.310708E+00  1.425879E-03  3.194519E-03  1.867442E-03  1.097411E-01 -8.650055E-04
        19  27  2.245128E+00  1.110343E-03  7.844477E-04  3.119398E-03  1.137236E-01 -1.277147E-04
        20   1 -2.203990E+00  9.032331E-05  9.679169E-04  2.925838E-03  1.125483E-01 -5.759800E-05
        20   2 -2.138293E+00 -1.308528E-04  3.421680E-04  2.988186E-03  1.083390E-01 -3.127330E-05
        20   3 -2.072604E+00 -3.709357E-04 -2.916838E-04  3.050534E-03  1.125321E-01 -1.059199E-06
        20   4  1.198749E-13 -1.209255E-13 -1.483088E-13 -3.659027E-14  1.243153E-01 -5.759800E-05
        20   5  1.227766E-13 -8.241067E-14 -5.619496E-14 -3.051741E-14  1.201059E-01 -3.127330E-05
        20   6  1.383948E-13 -3.182924E-14  7.216985E-14 -1.758822E-14  1.242991E-01 -1.059199E-06
        20   7  2.203990E+00 -9.032331E-05 -9.679169E-04 -2.925838E-03  1.125483E-01 -5.759800E-05
        20   8  2.138293E+00  1.308528E-04 -3.421680E-04 -2.988186E-03  1.083390E-01 -3.127330E-05
        20   9  2.072604E+00  3.709357E-04  2.916838E-04 -3.050534E-03  1.125321E-01 -1.059199E-06
        20  10 -2.203798E+00  1.728213E-04  1.050415E-03 -1.196268E-13  1.017489E-01 -2.034311E-14
        20  11 -2.138100E+00 -4.835482E-05  4.246660E-04 -1.189362E-13  9.755778E-02 -2.003305E-14
        20  12 -2.072411E+00 -2.884377E-04 -2.091858E-04 -1.180556E-13  1.017691E-01  1.253979E-14
        20  13  1.185351E-15 -4.028952E-14  1.103700E-14 -1.255199E-14  1.135159E-01 -2.208585E-14
        20  14 -5.976550E-15 -2.233743E-14  1.427405E-14 -4.618895E-15  1.093248E-01 -1.474495E-14
        20  15  2.613918E-15  9.383023E-15  5.625065E-14  7.992511E-15  1.135361E-01 -9.095762E-15
        20  16  2.203798E+00 -1.728213E-04 -1.050415E-03  1.415916E-13  1.017489E-01 -4.390307E-14
        20  17  2.138100E+00  4.835482E-05 -4.246660E-04  1.341322E-13  9.755778E-02 -6.505669E-15
        20  18  2.072411E+00  2.884377E-04  2.091858E-04  1.349519E-13  1.017691E-01  2.496067E-14
        20  19 -2.203990E+00  9.032331E-05  9.679169E-04 -2.925838E-03  1.125483E-01  5.759800E-05
        20  20 -2.138293E+00 -1.308528E-04  3.421680E-04 -2.988186E-03  1.083390E-01  3.127330E-05
        20  21 -2.072604E+00 -3.709357E-04 -2.916838E-04 -3.050534E-03  1.125321E-01  1.059199E-06
        20  22 -2.263063E-13 -8.125760E-14 -1.264215E-13  1.903990E-14  1.243153E-01  5.759800E-05
        20  23 -1.995778E-13 -4.151348E-14 -1.150178E-13  2.888140E-14  1.201059E-01  3.127330E-05
        20  24 -1.523229E-13  1.447259E-14 -6.092156E-14  4.171921E-14  1.242991E-01  1.059199E-06
        20  25  2.203990E+00 -9.032331E-05 -9.679169E-04  2.925838E-03  1.125483E-01  5.759800E-05
        20  26  2.138293E+00  1.308528E-04 -3.421680E-04  2.988186E-03  1.083390E-01  3.127330E-05
        20  27  2.072604E+00  3.709357E-04  2.916838E-04  3.050534E-03  1.125321E-01  1.059199E-06
        21   1 -2.032831E+00  1.712391E-04  1.343730E-04  3.107602E-03  1.126686E-01  4.344006E-06
        21   2 -1.967127E+00 -4.067213E-06 -3.672912E-05  3.123058E-03  1.084784E-01 -3.891319E-06
        21   3 -1.901442E+00 -2.239656E-04 -2.269421E-04  3.138514E-03  1.126725E-01 -2.953413E-06
        21   4  9.031034E-14 -3.958063E-14  7.498556E-14  1.097611E-14  1.241807E-01  4.344006E-06
        21   5  6.835587E-14 -4.300899E-14  3.606437E-14  1.463251E-14  1.199906E-01 -3.891319E-06
        21   6  8.550440E-14 -5.641113E-15  8.906194E-14  2.144348E-14  1.241847E-01 -2.953413E-06
        21   7  2.032831E+00 -1.712391E-04 -1.343730E-04 -3.107602E-03  1.126686E-01  4.344006E-06
        21   8  1.967127E+00  4.067213E-06  3.672912E-05 -3.123058E-03  1.084784E-01 -3.891319E-06
        21   9  1.901442E+00  2.239656E-04  2.269421E-04 -3.138514E-03  1.126725E-01 -2.953413E-06
        21  10 -2.032877E+00  1.512911E-04  1.144250E-04 -1.497902E-13  1.018442E-01  1.258618E-14
        21  11 -1.967173E+00 -2.401521E-05 -5.667711E-05 -1.487143E-13  9.764966E-02  7.630584E-16
        21  12 -1.901488E+00 -2.439136E-04 -2.468901E-04 -1.434574E-13  1.018393E-01 -2.863512E-14
        21  13 -1.577671E-14  2.959132E-15  4.169122E-14  3.028149E-14  1.133564E-01 -1.092997E-14
        21  14 -3.186876E-14 -1.743982E-14 -3.408452E-15  2.420070E-14  1.091619E-01 -1.576562E-14
        21  15 -3.460294E-14 -2.126544E-14 -1.106845E-14  2.099078E-14  1.133515E-01 -1.582510E-14
        21  16  2.032877E+00 -1.512911E-04 -1.144250E-04  1.545369E-13  1.018442E-01  2.255131E-14
        21  17  1.967173E+00  2.401521E-05  5.667711E-05  1.422013E-13  9.764966E-02  8.258079E-15
        21  18  1.901488E+00  2.439136E-04  2.468901E-04  1.279100E-13  1.018393E-01 -7.398200E-15
        21  19 -2.032831E+00  1.712391E-04  1.343730E-04 -3.107602E-03  1.126686E-01 -4.344006E-06
        21  20 -1.967127E+00 -4.067213E-06 -3.672912E-05 -3.123058E-03  1.084784E-01  3.891319E-06
        21  21 -1.901442E+00 -2.239656E-04 -2.269421E-04 -3.138514E-03  1.126725E-01  2.953413E-06
        21  22 -2.253659E-13 -8.095081E-15 -6.719226E-14  3.428824E-14  1.241807E-01 -4.344006E-06
        21  23 -2.277878E-13 -3.673327E-14 -9.643249E-14  1.945292E-14  1.199906E-01  3.891319E-06
        21  24 -1.949507E-13 -3.445679E-14 -6.277442E-14  5.485862E-15  1.241847E-01  2.953413E-06
        21  25  2.032831E+00 -1.712391E-04 -1.343730E-04  3.107602E-03  1.126686E-01 -4.344006E-06
        21  26  1.967127E+00  4.067213E-06  3.672912E-05  3.123058E-03  1.084784E-01  3.891319E-06
        21  27  1.901442E+00  2.239656E-04  2.269421E-04  3.138514E-03  1.126725E-01  2.953413E-06
        22   1 -1.861787E+00  2.451686E-04  2.543627E-04  3.127069E-03  1.126618E-01 -7.919586E-07
        22   2 -1.796093E+00  3.909781E-06  8.364118E-06  3.124518E-03  1.084680E-01 -3.781556E-07
        22   3 -1.730399E+00 -2.361832E-04 -2.371348E-04  3.121966E-03  1.126624E-01 -2.041903E-07
        22   4  1.791119E-13  3.480829E-14  1.210967E-13  3.535816E-14  1.242043E-01 -7.919585E-07
        22   5  1.258783E-13 -7.671413E-15  5.965332E-14  2.462111E-14  1.200104E-01 -3.781556E-07
        22   6  1.290863E-13  6.016943E-15  1.301809E-13  1.770730E-14  1.242048E-01 -2.041903E-07
        22   7  1.861787E+00 -2.451686E-04 -2.543627E-04 -3.127069E-03  1.126618E-01 -7.919585E-07
        22   8  1.796093E+00 -3.909781E-06 -8.364118E-06 -3.124518E-03  1.084680E-01 -3.781556E-07
        22   9  1.730399E+00  2.361832E-04  2.371348E-04 -3.121966E-03  1.126624E-01 -2.041902E-07
        22  10 -1.861794E+00  2.421895E-04  2.513835E-04 -1.542780E-13  1.018244E-01 -8.187892E-15
        22  11 -1.796100E+00  9.306376E-07  5.384974E-06 -1.538589E-13  9.762991E-02 -6.199856E-15
        22  12 -1.730406E+00 -2.391623E-04 -2.401139E-04 -1.553773E-13  1.018237E-01 -3.235317E-14
        22  13 -5.812091E-15 -7.723534E-15  7.323435E-15  1.864159E-14  1.133668E-01 -2.098163E-14
        22  14 -7.523281E-15 -3.689046E-15  3.078867E-14  9.601239E-15  1.091723E-01 -2.077651E-14
        22  15  1.382733E-16  7.255277E-15  6.909979E-14  3.039115E-15  1.133661E-01 -1.395334E-15
        22  16  1.861794E+00 -2.421895E-04 -2.513835E-04  1.647447E-13  1.018244E-01 -8.754083E-15
        22  17  1.796100E+00 -9.306376E-07 -5.384974E-06  1.575732E-13  9.762991E-02 -3.780823E-14
        22  18  1.730406E+00  2.391623E-04  2.401139E-04  1.591535E-13  1.018237E-01 -3.520190E-14
        22  19 -1.861787E+00  2.451686E-04  2.543627E-04 -3.127069E-03  1.126618E-01  7.919585E-07
        22  20 -1.796093E+00  3.909781E-06  8.364118E-06 -3.124518E-03  1.084680E-01  3.781556E-07
        22  21 -1.730399E+00 -2.361832E-04 -2.371348E-04 -3.121966E-03  1.126624E-01  2.041902E-07
        22  22 -1.560180E-13 -1.467356E-14 -2.274717E-14  7.974568E-15  1.242043E-01  7.919585E-07
        22  23 -1.389152E-13 -6.730291E-16 -3.455041E-15 -6.264364E-16  1.200104E-01  3.781556E-07
        22  24 -1.415476E-13 -6.724273E-15 -2.989567E-14 -7.897526E-15  1.242048E-01  2.041902E-07
        22  25  1.861787E+00 -2.451686E-04 -2.543627E-04  3.127069E-03  1.126618E-01  7.919584E-07
        22  26  1.796093E+00 -3.909781E-06 -8.364118E-06  3.124518E-03  1.084680E-01  3.781556E-07
        22  27  1.730399E+00  2.361832E-04  2.371348E-04  3.121966E-03  1.126624E-01  2.041902E-07
        23   1 -1.690733E+00  2.384407E-04  2.361190E-04  3.122235E-03  1.126646E-01 -1.686554E-07
        23   2 -1.625039E+00  2.598423E-07 -9.665817E-07  3.122042E-03  1.084707E-01 -7.744523E-08
        23   3 -1.559345E+00 -2.378325E-04 -2.380143E-04  3.121850E-03  1.126646E-01 -4.444852E-09
        23   4  8.028487E-14 -1.408004E-14  1.109344E-13  1.587038E-14  1.242024E-01 -1.686553E-07
        23   5  7.535567E-14 -3.251414E-14  3.704372E-14  2.194994E-14  1.200085E-01 -7.744524E-08
        23   6  7.892266E-14 -4.325592E-14  3.831630E-16  2.611541E-14  1.242025E-01 -4.444926E-09
        23   7  1.690733E+00 -2.384407E-04 -2.361190E-04 -3.122235E-03  1.126646E-01 -1.686553E-07
        23   8  1.625039E+00 -2.598422E-07  9.665818E-07 -3.122042E-03  1.084707E-01 -7.744527E-08
        23   9  1.559345E+00  2.378325E-04  2.380143E-04 -3.121850E-03  1.126646E-01 -4.444940E-09
        23  10 -1.690734E+00  2.382161E-04  2.358945E-04 -1.622692E-13  1.018254E-01 -3.990343E-14
        23  11 -1.625040E+00  3.527065E-08 -1.191153E-06 -1.679420E-13  9.763142E-02 -2.195275E-14
        23  12 -1.559345E+00 -2.380570E-04 -2.382388E-04 -1.863558E-13  1.018253E-01 -8.185635E-16
        23  13 -8.160949E-15 -2.987681E-15  4.219190E-14  1.221375E-14  1.133632E-01  9.730772E-16
        23  14 -1.517007E-14 -7.666275E-15  3.299353E-14  2.011039E-14  1.091693E-01 -4.019179E-15
        23  15 -3.592403E-14 -3.401720E-14 -1.457880E-14  2.372020E-14  1.133632E-01 -2.495570E-14
        23  16  1.690734E+00 -2.382161E-04 -2.358945E-04  1.624610E-13  1.018254E-01 -3.660025E-14
        23  17  1.625040E+00 -3.527051E-08  1.191154E-06  1.682022E-13  9.763142E-02 -3.425255E-14
        23  18  1.559345E+00  2.380570E-04  2.382388E-04  1.810309E-13  1.018253E-01 -4.262495E-14
        23  19 -1.690733E+00  2.384407E-04  2.361190E-04 -3.122235E-03  1.126646E-01  1.686553E-07
        23  20 -1.625039E+00  2.598422E-07 -9.665820E-07 -3.122042E-03  1.084707E-01  7.744518E-08
        23  21 -1.559345E+00 -2.378325E-04 -2.380143E-04 -3.121850E-03  1.126646E-01  4.444876E-09
        23  22 -6.148890E-14  2.144972E-14 -1.770382E-14  3.799129E-15  1.242024E-01  1.686553E-07
        23  23 -1.085307E-13 -1.023112E-14 -5.981982E-14  1.284150E-14  1.200085E-01  7.744521E-08
        23  24 -1.377100E-13 -3.197695E-14 -6.655926E-14  1.741355E-14  1.242025E-01  4.444875E-09
        23  25  1.690733E+00 -2.384407E-04 -2.361190E-04  3.122235E-03  1.126646E-01  1.686554E-07
        23  26  1.625039E+00 -2.598422E-07  9.665817E-07  3.122042E-03  1.084707E-01  7.744519E-08
        23  27  1.559345E+00  2.378325E-04  2.380143E-04  3.121850E-03  1.126646E-01  4.444820E-09
        24   1 -1.519677E+00  2.383304E-04  2.384514E-04  3.121731E-03  1.126643E-01  1.956070E-08
        24   2 -1.453983E+00  2.200487E-08  1.303041E-07  3.121692E-03  1.084704E-01  2.587160E-08
        24   3 -1.388288E+00 -2.381739E-04 -2.381426E-04  3.121652E-03  1.126643E-01  9.040671E-09
        24   4  1.249769E-13 -2.436968E-14  1.879803E-14  1.639053E-14  1.242029E-01  1.956070E-08
        24   5  8.379325E-14 -4.055703E-14 -9.797380E-15  7.771103E-15  1.200089E-01  2.587165E-08
        24   6  4.046740E-14 -5.161758E-14 -2.931508E-14  1.166995E-14  1.242029E-01  9.040697E-09
        24   7  1.519677E+00 -2.383304E-04 -2.384514E-04 -3.121731E-03  1.126643E-01  1.956066E-08
        24   8  1.453983E+00 -2.200484E-08 -1.303041E-07 -3.121692E-03  1.084704E-01  2.587166E-08
        24   9  1.388288E+00  2.381739E-04  2.381426E-04 -3.121652E-03  1.126643E-01  9.040666E-09
        24  10 -1.519677E+00  2.383805E-04  2.385016E-04 -1.848758E-13  1.018250E-01 -1.055818E-14
        24  11 -1.453982E+00  7.217294E-08  1.804722E-07 -1.950395E-13  9.763106E-02  2.146222E-15
        24  12 -1.388288E+00 -2.381237E-04 -2.380924E-04 -1.963966E-13  1.018250E-01  3.586838E-14
        24  13  4.054389E-14 -1.048181E-14  3.326561E-15  1.748726E-14  1.133635E-01 -1.347201E-14
        24  14  3.014501E-14 -2.671860E-14 -2.458635E-14  8.848911E-15  1.091696E-01 -1.194171E-14
        24  15  4.509786E-14 -2.302547E-14 -2.112708E-14  7.047902E-15  1.133636E-01  1.494142E-15
        24  16  1.519677E+00 -2.383805E-04 -2.385016E-04  1.773657E-13  1.018250E-01 -2.523450E-14
        24  17  1.453982E+00 -7.217282E-08 -1.804722E-07  1.829474E-13  9.763106E-02 -2.462415E-15
        24  18  1.388288E+00  2.381237E-04  2.380924E-04  1.965349E-13  1.018250E-01  1.254725E-14
        24  19 -1.519677E+00  2.383304E-04  2.384514E-04 -3.121731E-03  1.126643E-01 -1.956071E-08
        24  20 -1.453983E+00  2.200479E-08  1.303039E-07 -3.121692E-03  1.084704E-01 -2.587163E-08
        24  21 -1.388288E+00 -2.381739E-04 -2.381426E-04 -3.121652E-03  1.126643E-01 -9.040676E-09
        24  22 -1.371676E-13 -5.150916E-14 -1.021395E-13  1.100501E-14  1.242029E-01 -1.956073E-08
        24  23 -1.116592E-13 -7.700565E-14 -1.647486E-13  1.165231E-15  1.200089E-01 -2.587167E-08
        24  24 -4.387512E-14 -5.685704E-14 -1.273404E-13 -4.388185E-15  1.242029E-01 -9.040713E-09
        24  25  1.519677E+00 -2.383304E-04 -2.384514E-04  3.121731E-03  1.126643E-01 -1.956073E-08
        24  26  1.453983E+00 -2.200483E-08 -1.303043E-07  3.121692E-03  1.084704E-01 -2.587162E-08
        24  27  1.388288E+00  2.381739E-04  2.381426E-04  3.121652E-03  1.126643E-01 -9.040640E-09
        25   1 -1.348620E+00  2.381846E-04  2.381465E-04  3.121651E-03  1.126643E-01 -9.444299E-09
        25   2 -1.282926E+00 -1.062578E-08 -1.289311E-07  3.121682E-03  1.084704E-01 -2.702980E-08
        25   3 -1.217231E+00 -2.383125E-04 -2.384501E-04  3.121713E-03  1.126643E-01 -2.266429E-08
        25   4  3.873053E-14 -4.937617E-14 -3.734606E-14  7.412441E-15  1.242029E-01 -9.444269E-09
        25   5  2.033393E-14 -4.231360E-14 -2.509310E-14  4.589031E-15  1.200089E-01 -2.702981E-08
        25   6  1.841232E-14 -2.070872E-14  1.567576E-14  6.856576E-15  1.242029E-01 -2.266427E-08
        25   7  1.348620E+00 -2.381846E-04 -2.381465E-04 -3.121651E-03  1.126643E-01 -9.444404E-09
        25   8  1.282926E+00  1.062581E-08  1.289311E-07 -3.121682E-03  1.084704E-01 -2.702989E-08
        25   9  1.217231E+00  2.383125E-04  2.384501E-04 -3.121713E-03  1.126643E-01 -2.266437E-08
        25  10 -1.348620E+00  2.381268E-04  2.380888E-04 -1.947622E-13  1.018250E-01  3.581506E-14
        25  11 -1.282926E+00 -6.837018E-08 -1.866754E-07 -1.815747E-13  9.763106E-02  3.666214E-14
        25  12 -1.217232E+00 -2.383703E-04 -2.385079E-04 -1.718684E-13  1.018250E-01  4.846095E-14
        25  13  1.459726E-14 -3.234710E-14 -2.809320E-14  4.649599E-15  1.133636E-01  2.566527E-14
        25  14  3.351754E-14 -7.903075E-15  1.053037E-14  2.818559E-15  1.091696E-01  2.047770E-14
        25  15  4.415650E-14  6.887067E-15  2.171664E-14  4.874635E-15  1.133635E-01  1.148224E-14
        25  16  1.348620E+00 -2.381268E-04 -2.380888E-04  1.648726E-13  1.018250E-01  4.532307E-15
        25  17  1.282926E+00  6.837029E-08  1.866754E-07  1.480443E-13  9.763106E-02  4.401970E-14
        25  18  1.217232E+00  2.383703E-04  2.385079E-04  1.362700E-13  1.018250E-01  5.146114E-14
        25  19 -1.348620E+00  2.381846E-04  2.381465E-04 -3.121651E-03  1.126643E-01  9.444397E-09
        25  20 -1.282926E+00 -1.062577E-08 -1.289309E-07 -3.121682E-03  1.084704E-01  2.702988E-08
        25  21 -1.217231E+00 -2.383125E-04 -2.384501E-04 -3.121713E-03  1.126643E-01  2.266439E-08
        25  22 -5.467655E-14 -5.715759E-14 -1.132391E-13  8.292387E-17  1.242029E-01  9.444355E-09
        25  23 -1.224623E-14 -2.966916E-14 -8.230237E-14  1.058816E-15  1.200089E-01  2.702984E-08
        25  24  3.781761E-14  2.148266E-16 -5.440473E-14  1.930107E-15  1.242029E-01  2.266432E-08
        25  25  1.348620E+00 -2.381846E-04 -2.381465E-04  3.121651E-03  1.126643E-01  9.444390E-09
        25  26  1.282926E+00  1.062582E-08  1.289308E-07  3.121682E-03  1.084704E-01  2.702988E-08
        25  27  1.217231E+00  2.383125E-04  2.384501E-04  3.121713E-03  1.126643E-01  2.266445E-08
        26   1 -1.177563E+00  2.378889E-04  2.380504E-04  3.121815E-03  1.126646E-01 -3.892922E-09
        26   2 -1.111869E+00 -2.088219E-07  1.015357E-06  3.121996E-03  1.084707E-01  6.183932E-08
        26   3 -1.046175E+00 -2.384554E-04 -2.360835E-04  3.122177E-03  1.126646E-01  1.581834E-07
        26   4  7.420797E-14  5.673970E-15  3.534870E-14  1.461811E-14  1.242025E-01 -3.892950E-09
        26   5 -7.601647E-15 -4.291360E-14 -5.357599E-14  1.050604E-14  1.200085E-01  6.183943E-08
        26   6 -5.756445E-14 -5.814925E-14 -6.495319E-14  1.350210E-14  1.242024E-01  1.581833E-07
        26   7  1.177563E+00 -2.378889E-04 -2.380504E-04 -3.121815E-03  1.126646E-01 -3.892945E-09
        26   8  1.111869E+00  2.088219E-07 -1.015357E-06 -3.121996E-03  1.084707E-01  6.183935E-08
        26   9  1.046175E+00  2.384554E-04  2.360835E-04 -3.122177E-03  1.126646E-01  1.581833E-07
        26  10 -1.177563E+00  2.380326E-04  2.381941E-04 -1.177513E-13  1.018253E-01  3.616404E-14
        26  11 -1.111869E+00 -6.519156E-08  1.158987E-06 -1.203643E-13  9.763140E-02  3.544692E-14
        26  12 -1.046174E+00 -2.383118E-04 -2.359399E-04 -1.158548E-13  1.018254E-01  3.453487E-14
        26  13  3.640201E-14 -4.091655E-15 -7.383078E-15  1.482563E-15  1.133631E-01  8.771350E-15
        26  14  3.988491E-14 -6.911164E-15  7.046092E-15 -2.906658E-15  1.091692E-01  2.107866E-15
        26  15  4.087496E-14 -1.408780E-14  8.036148E-15  5.282760E-16  1.133632E-01 -1.714352E-14
        26  16  1.177563E+00 -2.380326E-04 -2.381941E-04  1.138347E-13  1.018253E-01  4.429199E-14
        26  17  1.111869E+00  6.519161E-08 -1.158987E-06  1.076079E-13  9.763140E-02  3.938931E-14
        26  18  1.046174E+00  2.383118E-04  2.359399E-04  1.042345E-13  1.018254E-01 -3.031322E-15
        26  19 -1.177563E+00  2.378889E-04  2.380504E-04 -3.121815E-03  1.126646E-01  3.893099E-09
        26  20 -1.111869E+00 -2.088219E-07  1.015357E-06 -3.121996E-03  1.084707E-01 -6.183943E-08
        26  21 -1.046175E+00 -2.384554E-04 -2.360835E-04 -3.122177E-03  1.126646E-01 -1.581833E-07
        26  22 -2.944094E-14 -3.147821E-14 -8.088842E-14 -2.139837E-14  1.242025E-01  3.893039E-09
        26  23  2.888160E-14 -2.893680E-14 -6.689828E-14 -2.583309E-14  1.200085E-01 -6.183942E-08
        26  24  6.748268E-14 -3.856990E-14 -7.563983E-14 -2.204831E-14  1.242024E-01 -1.581833E-07
        26  25  1.177563E+00 -2.378889E-04 -2.380504E-04  3.121815E-03  1.126646E-01  3.893104E-09
        26  26  1.111869E+00  2.088219E-07 -1.015357E-06  3.121996E-03  1.084707E-01 -6.183932E-08
        26  27  1.046175E+00  2.384554E-04  2.360835E-04  3.122177E-03  1.126646E-01 -1.581833E-07
        27   1 -1.006510E+00  2.361684E-04  2.372070E-04  3.121839E-03  1.126625E-01  1.592546E-07
        27   2 -9.408149E-01 -4.165755E-06 -8.228971E-06  3.124718E-03  1.084681E-01  2.926431E-07
        27   3 -8.751210E-01 -2.463511E-04 -2.544583E-04  3.127598E-03  1.126620E-01  8.068404E-07
        27   4  2.523608E-14 -8.617818E-15  4.985479E-15  6.497372E-15  1.242049E-01  1.592546E-07
        27   5 -1.716447E-14 -7.211607E-15  3.537764E-14 -5.429813E-15  1.200105E-01  2.926431E-07
        27   6 -6.826752E-14 -2.045565E-14  4.666834E-14 -1.068314E-14  1.242044E-01  8.068404E-07
        27   7  1.006510E+00 -2.361684E-04 -2.372070E-04 -3.121839E-03  1.126625E-01  1.592545E-07
        27   8  9.408149E-01  4.165756E-06  8.228971E-06 -3.124718E-03  1.084681E-01  2.926431E-07
        27   9  8.751210E-01  2.463511E-04  2.544583E-04 -3.127598E-03  1.126620E-01  8.068403E-07
        27  10 -1.006503E+00  2.389886E-04  2.400272E-04 -1.089806E-13  1.018236E-01  2.629745E-14
        27  11 -9.408083E-01 -1.345545E-06 -5.408761E-06 -1.075402E-13  9.762980E-02  3.427152E-14
        27  12 -8.751145E-01 -2.435308E-04 -2.516380E-04 -9.733928E-14  1.018243E-01  2.656779E-14
        27  13  2.087769E-14 -2.353080E-14 -6.487994E-15  6.014692E-15  1.133660E-01 -2.930502E-15
        27  14  1.504927E-14 -1.231888E-14  1.504927E-14  5.123152E-16  1.091722E-01 -4.581317E-15
        27  15  1.466535E-15 -1.044336E-14  3.430535E-14  1.569752E-15  1.133667E-01  1.327107E-14
        27  16  1.006503E+00 -2.389886E-04 -2.400272E-04  1.003225E-13  1.018236E-01 -2.303588E-15
        27  17  9.408083E-01  1.345545E-06  5.408761E-06  8.407677E-14  9.762980E-02  2.250915E-14
        27  18  8.751145E-01  2.435308E-04  2.516380E-04  7.571867E-14  1.018243E-01  5.540388E-15
        27  19 -1.006510E+00  2.361684E-04  2.372070E-04 -3.121839E-03  1.126625E-01 -1.592546E-07
        27  20 -9.408149E-01 -4.165755E-06 -8.228971E-06 -3.124718E-03  1.084681E-01 -2.926432E-07
        27  21 -8.751210E-01 -2.463511E-04 -2.544583E-04 -3.127598E-03  1.126620E-01 -8.068404E-07
        27  22  6.118307E-14 -4.733976E-14 -9.261205E-14  5.200484E-15  1.242049E-01 -1.592546E-07
        27  23  9.281404E-14 -2.607627E-14 -7.958974E-14  8.904534E-15  1.200105E-01 -2.926432E-07
        27  24  1.366730E-13  4.289507E-15 -2.779476E-14  1.700193E-14  1.242044E-01 -8.068403E-07
        27  25  1.006510E+00 -2.361684E-04 -2.372070E-04  3.121839E-03  1.126625E-01 -1.592545E-07
        27  26  9.408149E-01  4.165755E-06  8.228971E-06  3.124718E-03  1.084681E-01 -2.926431E-07
        27  27  8.751210E-01  2.463511E-04  2.544583E-04  3.127598E-03  1.126620E-01 -8.068403E-07
        28   1 -8.354702E-01  2.206055E-04  2.253228E-04  3.139509E-03  1.126726E-01  3.125649E-06
        28   2 -7.697849E-01 -4.472324E-07  3.580611E-05  3.127154E-03  1.084782E-01  4.611457E-06
        28   3 -7.040812E-01 -1.784030E-04 -1.352405E-04  3.114800E-03  1.126680E-01 -2.768380E-06
        28   4 -4.464274E-14 -8.568956E-15  5.661027E-14 -1.252630E-14  1.241843E-01  3.125649E-06
        28   5 -6.321099E-14 -7.744916E-15  3.421083E-14 -1.491962E-14  1.199898E-01  4.611456E-06
        28   6 -6.532884E-14  6.104546E-15  2.990373E-14 -1.698178E-14  1.241797E-01 -2.768381E-06
        28   7  8.354702E-01 -2.206055E-04 -2.253228E-04 -3.139509E-03  1.126726E-01  3.125649E-06
        28   8  7.697849E-01  4.472324E-07 -3.580611E-05 -3.127154E-03  1.084782E-01  4.611457E-06
        28   9  7.040812E-01  1.784030E-04  1.352405E-04 -3.114800E-03  1.126680E-01 -2.768381E-06
        28  10 -8.354154E-01  2.440953E-04  2.488126E-04 -9.106048E-14  1.018397E-01  2.097678E-14
        28  11 -7.697301E-01  2.304263E-05  5.929597E-05 -8.743955E-14  9.765046E-02  4.604474E-14
        28  12 -7.040263E-01 -1.549132E-04 -1.117506E-04 -9.601036E-14  1.018455E-01  2.040368E-14
        28  13  4.957723E-14  1.109217E-15  2.659006E-14  1.187924E-14  1.133513E-01 -7.722428E-15
        28  14  3.581813E-14  1.113731E-15  2.815574E-14  9.485680E-15  1.091621E-01 -1.503690E-14
        28  15  9.613002E-15 -1.259773E-14 -1.227954E-14  4.933227E-15  1.133571E-01 -1.643933E-14
        28  16  8.354154E-01 -2.440953E-04 -2.488126E-04  5.733200E-14  1.018397E-01 -3.580681E-15
        28  17  7.697301E-01 -2.304263E-05 -5.929597E-05  5.244017E-14  9.765046E-02  3.352835E-15
        28  18  7.040263E-01  1.549132E-04  1.117506E-04  5.737923E-14  1.018455E-01 -9.816042E-15
        28  19 -8.354702E-01  2.206055E-04  2.253228E-04 -3.139509E-03  1.126726E-01 -3.125649E-06
        28  20 -7.697849E-01 -4.472324E-07  3.580611E-05 -3.127154E-03  1.084782E-01 -4.611457E-06
        28  21 -7.040812E-01 -1.784030E-04 -1.352405E-04 -3.114800E-03  1.126680E-01  2.768381E-06
        28  22  1.252110E-13  9.881257E-16 -1.763787E-14  2.758002E-14  1.241843E-01 -3.125649E-06
        28  23  1.016172E-13 -1.173844E-14 -1.714985E-14  2.513260E-14  1.199898E-01 -4.611457E-06
        28  24  9.852417E-14 -1.074582E-14  7.720143E-18  1.913087E-14  1.241797E-01  2.768380E-06
        28  25  8.354702E-01 -2.206055E-04 -2.253228E-04  3.139509E-03  1.126726E-01 -3.125649E-06
        28  26  7.697849E-01  4.472325E-07 -3.580611E-05  3.127154E-03  1.084782E-01 -4.611457E-06
        28  27  7.040812E-01  1.784030E-04  1.352405E-04  3.114800E-03  1.126680E-01  2.768381E-06
        29   1 -6.643361E-01  3.483373E-04  2.770366E-04  3.065063E-03  1.125275E-01  4.512290E-06
        29   2 -5.986526E-01  1.110921E-04 -3.616614E-04  3.005783E-03  1.083315E-01  3.648323E-05
        29   3 -5.329493E-01 -7.982651E-05 -9.805052E-04  2.946503E-03  1.125373E-01  5.892412E-05
        29   4 -8.517796E-14  2.297944E-15  2.921058E-14 -4.867656E-15  1.242968E-01  4.512290E-06
        29   5 -9.949631E-14 -1.688139E-14  7.777150E-15 -8.582184E-16  1.201008E-01  3.648323E-05
        29   6 -1.250827E-13 -4.246706E-14 -2.820819E-14  7.141174E-15  1.243065E-01  5.892412E-05
        29   7  6.643361E-01 -3.483373E-04 -2.770366E-04 -3.065063E-03  1.125275E-01  4.512290E-06
        29   8  5.986526E-01 -1.110921E-04  3.616614E-04 -3.005783E-03  1.083315E-01  3.648323E-05
        29   9  5.329493E-01  7.982651E-05  9.805052E-04 -2.946503E-03  1.125373E-01  5.892412E-05
        29  10 -6.644521E-01  2.986001E-04  2.272993E-04 -7.720742E-14  1.017723E-01  1.297545E-14
        29  11 -5.987687E-01  6.135487E-05 -4.113987E-04 -7.512482E-14  9.756525E-02  3.126283E-14
        29  12 -5.330654E-01 -1.295638E-04 -1.030242E-03 -6.906418E-14  1.017600E-01  3.125158E-14
        29  13  3.913054E-14  9.572423E-15  2.599501E-14 -2.139169E-15  1.135415E-01 -3.872264E-14
        29  14  4.769667E-14  1.095140E-14  2.470950E-14 -3.464063E-15  1.093345E-01 -1.461082E-14
        29  15  5.098956E-14  1.243194E-14  2.471851E-14 -3.686665E-15  1.135293E-01 -1.051322E-14
        29  16  6.644521E-01 -2.986001E-04 -2.272993E-04  4.208595E-14  1.017723E-01 -5.581671E-15
        29  17  5.987687E-01 -6.135487E-05  4.113987E-04  3.391962E-14  9.756525E-02 -1.067861E-14
        29  18  5.330654E-01  1.295638E-04  1.030242E-03  2.539475E-14  1.017600E-01  8.094446E-15
        29  19 -6.643361E-01  3.483373E-04  2.770366E-04 -3.065063E-03  1.125275E-01 -4.512290E-06
        29  20 -5.986526E-01  1.110921E-04 -3.616614E-04 -3.005783E-03  1.083315E-01 -3.648323E-05
        29  21 -5.329493E-01 -7.982651E-05 -9.805052E-04 -2.946503E-03  1.125373E-01 -5.892412E-05
        29  22  9.982987E-14 -8.976252E-15  2.187930E-16  9.125554E-15  1.242968E-01 -4.512290E-06
        29  23  1.104473E-13 -6.824562E-15 -2.583380E-14 -5.720645E-16  1.201008E-01 -3.648323E-05
        29  24  1.242679E-13  5.036066E-15 -2.720115E-14 -7.635925E-15  1.243065E-01 -5.892412E-05
        29  25  6.643361E-01 -3.483373E-04 -2.770366E-04  3.065063E-03  1.125275E-01 -4.512290E-06
        29  26  5.986526E-01 -1.110921E-04  3.616614E-04  3.005783E-03  1.083315E-01 -3.648323E-05
        29  27  5.329493E-01  7.982651E-05  9.805052E-04  2.946503E-03  1.125373E-01 -5.892412E-05
        30   1 -4.918115E-01  1.128390E-03  7.596469E-04  3.162298E-03  1.136675E-01 -1.095950E-04
        30   2 -4.262894E-01  1.546770E-03  3.137823E-03  1.775134E-03  1.096846E-01 -8.177538E-04
        30   3 -3.604034E-01  2.814286E-03  5.879915E-03  3.879698E-04  1.139427E-01 -1.700592E-03
        30   4 -5.131338E-14 -1.391726E-14 -1.956919E-14  2.507057E-15  1.237714E-01 -1.095950E-04
        30   5 -4.832655E-14 -1.657300E-15 -3.135983E-14  3.079643E-15  1.197885E-01 -8.177538E-04
        30   6 -1.885274E-14  2.893980E-14  1.494387E-14  7.201981E-15  1.240466E-01 -1.700592E-03
        30   7  4.918115E-01 -1.128390E-03 -7.596469E-04 -3.162298E-03  1.136675E-01 -1.095950E-04
        30   8  4.262894E-01 -1.546770E-03 -3.137823E-03 -1.775134E-03  1.096846E-01 -8.177538E-04
        30   9  3.604034E-01 -2.814286E-03 -5.879915E-03 -3.879698E-04  1.139427E-01 -1.700592E-03
        30  10 -4.950821E-01 -2.732955E-04 -6.420388E-04 -6.530047E-14  1.019322E-01  3.710569E-14
        30  11 -4.295600E-01  1.450847E-04  1.736138E-03 -6.342504E-14  9.763975E-02  4.343249E-14
        30  12 -3.636740E-01  1.412600E-03  4.478229E-03 -6.079619E-14  1.015882E-01  2.572292E-14
        30  13  1.857186E-14 -4.099506E-15 -9.888447E-15  2.208173E-15  1.120361E-01 -6.261552E-15
        30  14  3.159525E-14  9.504110E-15  9.456838E-16  8.270886E-16  1.077436E-01  1.329902E-14
        30  15  4.864117E-14  1.735131E-14  1.197116E-14 -1.729836E-16  1.116921E-01  1.388818E-14
        30  16  4.950821E-01  2.732955E-04  6.420388E-04  2.318828E-14  1.019322E-01  1.770003E-14
        30  17  4.295600E-01 -1.450847E-04 -1.736138E-03  2.012576E-14  9.763975E-02  8.061682E-15
        30  18  3.636740E-01 -1.412600E-03 -4.478229E-03  1.679356E-14  1.015882E-01 -9.762397E-15
        30  19 -4.918115E-01  1.128390E-03  7.596469E-04 -3.162298E-03  1.136675E-01  1.095950E-04
        30  20 -4.262894E-01  1.546770E-03  3.137823E-03 -1.775134E-03  1.096846E-01  8.177538E-04
        30  21 -3.604034E-01  2.814286E-03  5.879915E-03 -3.879698E-04  1.139427E-01  1.700592E-03
        30  22  8.889164E-14 -5.308731E-15 -3.753780E-14 -3.840528E-15  1.237714E-01  1.095950E-04
        30  23  1.108457E-13  9.612351E-15 -2.995498E-15 -7.887731E-15  1.197885E-01  8.177538E-04
        30  24  1.211587E-13  1.406392E-14  3.167295E-14 -1.464997E-14  1.240466E-01  1.700592E-03
        30  25  4.918115E-01 -1.128390E-03 -7.596469E-04  3.162298E-03  1.136675E-01  1.095950E-04
        30  26  4.262894E-01 -1.546770E-03 -3.137823E-03  1.775134E-03  1.096846E-01  8.177538E-04
        30  27  3.604034E-01 -2.814286E-03 -5.879915E-03  3.879698E-04  1.139427E-01  1.700592E-03
        31   1 -3.166649E-01  6.649619E-03  4.257553E-03 -5.704603E-03  1.061126E-01 -8.945815E-04
        31   2 -2.466385E-01  1.059657E-03 -1.362889E-02  2.696317E-03  1.019118E-01  5.614134E-03
        31   3 -1.854659E-01 -2.518936E-02 -4.036922E-02  1.109724E-02  1.075298E-01  1.637271E-02
        31   4  3.956770E-14  5.948582E-14  5.817636E-14  2.966036E-15  1.277192E-01 -8.945815E-04
        31   5  4.603594E-14  4.985806E-14  3.481602E-14 -9.323818E-15  1.235184E-01  5.614134E-03
        31   6  4.134011E-14  3.251579E-14  3.301819E-15 -2.407895E-14  1.291365E-01  1.637271E-02
        31   7  3.166649E-01 -6.649619E-03 -4.257553E-03  5.704603E-03  1.061126E-01 -8.945815E-04
        31   8  2.466385E-01 -1.059657E-03  1.362889E-02 -2.696317E-03  1.019118E-01  5.614134E-03
        31   9  1.854659E-01  2.518936E-02  4.036922E-02 -1.109724E-02  1.075298E-01  1.637271E-02
        31  10 -3.335113E-01 -5.702457E-04 -2.962311E-03 -5.460341E-14  1.006621E-01  6.487725E-15
        31  11 -2.634848E-01 -6.160208E-03 -2.084876E-02 -4.227479E-14  9.486685E-02  2.925599E-14
        31  12 -2.023123E-01 -3.240922E-02 -4.758908E-02 -3.626454E-14  9.889055E-02  2.208436E-14
        31  13  1.222692E-14  2.623307E-15  1.860225E-16 -2.026547E-15  1.222687E-01 -7.223913E-15
        31  14  1.772747E-14  8.160412E-15  3.497320E-15 -8.229754E-15  1.164735E-01  1.945146E-14
        31  15  1.048241E-14  1.654214E-15 -1.414671E-14 -1.606171E-14  1.204972E-01  1.619062E-14
        31  16  3.335113E-01  5.702457E-04  2.962311E-03  1.003512E-14  1.006621E-01 -3.631881E-15
        31  17  2.634848E-01  6.160208E-03  2.084876E-02  7.671927E-15  9.486685E-02  1.903003E-14
        31  18  2.023123E-01  3.240922E-02  4.758908E-02  7.427746E-15  9.889055E-02 -1.617088E-14
        31  19 -3.166649E-01  6.649619E-03  4.257553E-03  5.704603E-03  1.061126E-01  8.945815E-04
        31  20 -2.466385E-01  1.059657E-03 -1.362889E-02 -2.696317E-03  1.019118E-01 -5.614134E-03
        31  21 -1.854659E-01 -2.518936E-02 -4.036922E-02 -1.109724E-02  1.075298E-01 -1.637271E-02
        31  22  5.893356E-14 -1.190498E-14  9.128021E-15 -3.915055E-16  1.277192E-01  8.945815E-04
        31  23  5.195920E-14 -6.012275E-15  1.332693E-15  4.663999E-16  1.235184E-01 -5.614134E-03
        31  24  6.329687E-14  1.943887E-14  4.687746E-14 -1.956480E-15  1.291365E-01 -1.637271E-02
        31  25  3.166649E-01 -6.649619E-03 -4.257553E-03 -5.704603E-03  1.061126E-01  8.945815E-04
        31  26  2.466385E-01 -1.059657E-03  1.362889E-02  2.696317E-03  1.019118E-01 -5.614134E-03
        31  27  1.854659E-01  2.518936E-02  4.036922E-02  1.109724E-02  1.075298E-01 -1.637271E-02
        32   1 -1.529683E-01 -4.535025E-02 -6.707868E-03  4.790568E-02  2.072316E-01 -5.536686E-03
        32   2 -9.045005E-02 -6.362896E-02  1.467398E-01  3.937381E-02  2.055529E-01 -9.652759E-02
        32   3 -2.083912E-02 -6.535805E-02  3.072802E-01  3.084194E-02  2.066729E-01 -1.909230E-01
        32   4  1.174941E-14  1.628659E-14 -2.929911E-14 -2.883676E-14  1.258523E-01 -5.536686E-03
        32   5  2.117461E-14  2.505196E-14 -1.850563E-14 -3.201869E-14  1.241736E-01 -9.652759E-02
        32   6  2.879243E-14  2.042123E-14  1.863292E-14 -3.437403E-14  1.252936E-01 -1.909230E-01
        32   7  1.529683E-01  4.535025E-02  6.707868E-03 -4.790568E-02  2.072316E-01 -5.536686E-03
        32   8  9.045005E-02  6.362896E-02 -1.467398E-01 -3.937381E-02  2.055529E-01 -9.652759E-02
        32   9  2.083912E-02  6.535805E-02 -3.072802E-01 -3.084194E-02  2.066729E-01 -1.909230E-01
        32  10 -1.463275E-01 -4.250419E-02 -3.861801E-03 -3.801984E-14  7.373918E-02  8.668854E-15
        32  11 -8.380923E-02 -6.078290E-02  1.495859E-01 -1.918614E-14  7.268897E-02  2.909751E-15
        32  12 -1.419830E-02 -6.251198E-02  3.101263E-01 -1.329601E-14  7.443752E-02 -3.733110E-14
        32  13 -5.531258E-14 -2.160679E-14 -3.944049E-14  2.282203E-16 -7.640109E-03  3.915975E-15
        32  14 -6.000788E-14 -2.781909E-14 -5.836594E-14 -7.086149E-15 -8.690313E-03  6.923156E-15
        32  15 -7.657276E-14 -6.843170E-14 -1.109167E-13 -1.072121E-14 -6.941768E-03  1.557317E-14
        32  16  1.463275E-01  4.250419E-02  3.861801E-03  7.132532E-15  7.373918E-02 -9.081024E-15
        32  17  8.380923E-02  6.078290E-02 -1.495859E-01 -4.566643E-15  7.268897E-02  3.778667E-14
        32  18  1.419830E-02  6.251198E-02 -3.101263E-01 -1.778215E-15  7.443752E-02  7.668525E-14
        32  19 -1.529683E-01 -4.535025E-02 -6.707868E-03 -4.790568E-02  2.072316E-01  5.536686E-03
        32  20 -9.045005E-02 -6.362896E-02  1.467398E-01 -3.937381E-02  2.055529E-01  9.652759E-02
        32  21 -2.083912E-02 -6.535805E-02  3.072802E-01 -3.084194E-02  2.066729E-01  1.909230E-01
        32  22 -1.305270E-14 -8.198880E-15  1.212373E-14  2.719465E-14  1.258523E-01  5.536686E-03
        32  23 -1.568772E-14 -2.086940E-14 -2.430790E-14  1.777671E-14  1.241736E-01  9.652759E-02
        32  24 -2.105876E-14 -5.003790E-14 -4.387490E-14  1.080945E-14  1.252936E-01  1.909230E-01
        32  25  1.529683E-01  4.535025E-02  6.707868E-03  4.790568E-02  2.072316E-01  5.536686E-03
        32  26  9.045005E-02  6.362896E-02 -1.467398E-01  3.937381E-02  2.055529E-01  9.652759E-02
        32  27  2.083912E-02  6.535805E-02 -3.072802E-01  3.084194E-02  2.066729E-01  1.909230E-01
