
                        S T E P       1


                                INCREMENT     1


 displacements (vx,vy,vz) for set MID and time  0.1000000E+01

         9 -6.862904E-17 -1.307979E-14 -8.035271E-02

 stresses (elem, integ.pnt.,sxx,syy,szz,sxy,sxz,syz) for set MEMBER and time  0.1000000E+01

         1   1 -1.094634E-01  2.419453E-03 -8.738061E-03 -8.690021E-03 -1.357475E-01 -4.236628E-03
         1   2 -3.480717E-01 -6.705654E-03 -2.729724E-03 -6.226499E-03 -7.624214E-02  4.556485E-04
         1   3 -5.752687E-01  1.079557E-02  1.468990E-02 -3.762978E-03 -1.378587E-01 -3.294914E-04
         1   4  4.823300E-14  1.258547E-14  3.138535E-14 -4.035638E-14 -1.474062E-01 -4.236628E-03
         1   5  1.244978E-13 -3.271013E-16 -9.120771E-16 -8.462200E-15 -8.790083E-02  4.556485E-04
         1   6  2.153755E-13 -7.785776E-15  5.895622E-15 -4.375731E-14 -1.495174E-01 -3.294914E-04
         1   7  1.094634E-01 -2.419453E-03  8.738061E-03  8.690021E-03 -1.357475E-01 -4.236628E-03
         1   8  3.480717E-01  6.705654E-03  2.729724E-03  6.226499E-03 -7.624214E-02  4.556485E-04
         1   9  5.752687E-01 -1.079557E-02 -1.468990E-02  3.762978E-03 -1.378587E-01 -3.294914E-04
         1  10 -1.031896E-01  5.108214E-03 -6.049301E-03 -1.209201E-13 -1.292179E-01  1.658598E-14
         1  11 -3.417979E-01 -4.016894E-03 -4.096370E-05 -9.135594E-14 -6.733741E-02 -5.089588E-15
         1  12 -5.689949E-01  1.348433E-02  1.737866E-02 -1.213993E-13 -1.265789E-01 -8.686444E-15
         1  13  2.600700E-15  4.288305E-15  1.623916E-14 -4.104974E-14 -1.408766E-01  2.139444E-14
         1  14 -8.952646E-15  2.239822E-15 -5.993360E-15 -1.342433E-14 -7.899610E-02 -3.872000E-15
         1  15 -1.244755E-14  5.681521E-16  6.304833E-16 -5.284460E-14 -1.382376E-01 -1.737015E-15
         1  16  1.031896E-01 -5.108214E-03  6.049301E-03  2.735893E-14 -1.292179E-01  2.477755E-14
         1  17  3.417979E-01  4.016894E-03  4.096370E-05  5.620775E-14 -6.733741E-02 -6.751126E-15
         1  18  5.689949E-01 -1.348433E-02 -1.737866E-02  7.838654E-15 -1.265789E-01 -7.262961E-15
         1  19 -1.094634E-01  2.419453E-03 -8.738061E-03  8.690021E-03 -1.357475E-01  4.236628E-03
         1  20 -3.480717E-01 -6.705654E-03 -2.729724E-03  6.226499E-03 -7.624214E-02 -4.556485E-04
         1  21 -5.752687E-01  1.079557E-02  1.468990E-02  3.762978E-03 -1.378587E-01  3.294914E-04
         1  22 -4.507027E-14 -4.668556E-15  8.863191E-16 -3.583285E-14 -1.474062E-01  4.236628E-03
         1  23 -1.417991E-13  6.903093E-15 -4.635296E-15 -1.060061E-14 -8.790083E-02 -4.556485E-04
         1  24 -2.367507E-13  1.272421E-14  4.482125E-15 -5.337468E-14 -1.495174E-01  3.294914E-04
         1  25  1.094634E-01 -2.419453E-03  8.738061E-03 -8.690021E-03 -1.357475E-01  4.236628E-03
         1  26  3.480717E-01  6.705654E-03  2.729724E-03 -6.226499E-03 -7.624214E-02 -4.556485E-04
         1  27  5.752687E-01 -1.079557E-02 -1.468990E-02 -3.762978E-03 -1.378587E-01  3.294914E-04
         2   1 -7.926603E-01 -1.181768E-02 -1.196989E-02 -5.527323E-04 -1.390127E-01 -8.728340E-04
         2   2 -1.025352E+00  2.226715E-03 -2.076151E-03 -3.067482E-03 -7.749886E-02  1.527623E-03
         2   3 -1.257872E+00  1.667136E-02  7.989124E-03 -5.582232E-03 -1.382279E-01  3.845742E-03
         2   4  3.162804E-13  1.489505E-14  2.962487E-14 -3.213230E-14 -1.499689E-01 -8.728340E-04
         2   5  3.721397E-13  7.310392E-15 -7.177171E-16 -2.599549E-15 -8.845500E-02  1.527623E-03
         2   6  4.175156E-13 -1.994656E-14 -4.277517E-14 -1.329381E-14 -1.491840E-01  3.845742E-03
         2   7  7.926603E-01  1.181768E-02  1.196989E-02  5.527323E-04 -1.390127E-01 -8.728340E-04
         2   8  1.025352E+00 -2.226715E-03  2.076151E-03  3.067482E-03 -7.749886E-02  1.527623E-03
         2   9  1.257872E+00 -1.667136E-02 -7.989124E-03  5.582232E-03 -1.382279E-01  3.845742E-03
         2  10 -7.949926E-01 -1.281723E-02 -1.296944E-02 -1.008306E-13 -1.263994E-01 -3.999980E-16
         2  11 -1.027684E+00  1.227162E-03 -3.075705E-03 -8.103013E-14 -6.576847E-02  6.012127E-15
         2  12 -1.260204E+00  1.567181E-02  6.989570E-03 -1.077798E-13 -1.273804E-01 -2.971482E-16
         2  13 -1.948716E-14 -1.320072E-15  5.141954E-15 -3.294132E-14 -1.373555E-01  7.213016E-15
         2  14 -1.351976E-14 -4.545291E-15 -2.573483E-15 -2.905406E-15 -7.672462E-02 -1.954804E-15
         2  15 -9.664641E-15 -1.935817E-14 -3.370534E-15 -1.500860E-14 -1.383366E-01 -2.869844E-14
         2  16  7.949926E-01  1.281723E-02  1.296944E-02  2.783626E-14 -1.263994E-01  5.839866E-15
         2  17  1.027684E+00 -1.227162E-03  3.075705E-03  6.104343E-14 -6.576847E-02  1.219475E-15
         2  18  1.260204E+00 -1.567181E-02 -6.989570E-03  5.571396E-14 -1.273804E-01 -1.913547E-14
         2  19 -7.926603E-01 -1.181768E-02 -1.196989E-02  5.527323E-04 -1.390127E-01  8.728340E-04
         2  20 -1.025352E+00  2.226715E-03 -2.076151E-03  3.067482E-03 -7.749886E-02 -1.527623E-03
         2  21 -1.257872E+00  1.667136E-02  7.989124E-03  5.582232E-03 -1.382279E-01 -3.845742E-03
         2  22 -3.471070E-13 -1.403110E-14 -1.584543E-14 -3.166629E-14 -1.499689E-01  8.728340E-04
         2  23 -3.962972E-13 -1.615297E-14 -6.336295E-15 -2.072906E-15 -8.845500E-02 -1.527623E-03
         2  24 -4.491904E-13 -3.302665E-14  8.382032E-16 -1.324577E-14 -1.491840E-01 -3.845742E-03
         2  25  7.926603E-01  1.181768E-02  1.196989E-02 -5.527323E-04 -1.390127E-01  8.728340E-04
         2  26  1.025352E+00 -2.226715E-03  2.076151E-03 -3.067482E-03 -7.749886E-02 -1.527623E-03
         2  27  1.257872E+00 -1.667136E-02 -7.989124E-03 -5.582232E-03 -1.382279E-01 -3.845742E-03
         3   1 -1.479695E+00 -1.412976E-02 -1.805112E-02 -2.629026E-03 -1.356267E-01  2.060062E-03
         3   2 -1.712145E+00 -6.506362E-03  9.969460E-03  5.210373E-04 -7.420920E-02 -6.517977E-03
         3   3 -1.944024E+00  2.446934E-03  3.856000E-02  3.671101E-03 -1.367008E-01 -1.536960E-02
         3   4  3.781992E-13 -3.346454E-14 -7.018748E-14  1.682289E-14 -1.494827E-01  2.060062E-03
         3   5  3.635404E-13  3.391240E-15 -3.079902E-14  7.784167E-16 -8.806527E-02 -6.517977E-03
         3   6  3.646426E-13  2.128774E-14  7.949221E-14  2.682534E-15 -1.505568E-01 -1.536960E-02
         3   7  1.479695E+00  1.412976E-02  1.805112E-02  2.629026E-03 -1.356267E-01  2.060062E-03
         3   8  1.712145E+00  6.506362E-03 -9.969460E-03 -5.210373E-04 -7.420920E-02 -6.517977E-03
         3   9  1.944024E+00 -2.446934E-03 -3.856000E-02 -3.671101E-03 -1.367008E-01 -1.536960E-02
         3  10 -1.476504E+00 -1.276181E-02 -1.668317E-02 -5.615800E-14 -1.285651E-01  1.140161E-15
         3  11 -1.708953E+00 -5.138414E-03  1.133741E-02 -7.217675E-14 -6.593928E-02 -3.408210E-15
         3  12 -1.940832E+00  3.814881E-03  3.992794E-02 -6.504623E-14 -1.272225E-01 -4.339075E-14
         3  13 -1.144326E-14 -1.885612E-14 -2.047394E-14  3.196145E-14 -1.424212E-01 -3.597901E-14
         3  14 -9.422346E-15  3.555828E-15 -1.759955E-15  3.495736E-15 -7.979535E-02  1.021152E-14
         3  15 -2.364980E-14 -2.435087E-14  1.548312E-14 -6.635605E-15 -1.410786E-01  7.617603E-15
         3  16  1.476504E+00  1.276181E-02  1.668317E-02  1.103803E-13 -1.285651E-01 -2.271583E-14
         3  17  1.708953E+00  5.138414E-03 -1.133741E-02  7.847639E-14 -6.593928E-02 -8.540162E-15
         3  18  1.940832E+00 -3.814881E-03 -3.992794E-02  6.175825E-14 -1.272225E-01 -1.988138E-15
         3  19 -1.479695E+00 -1.412976E-02 -1.805112E-02  2.629026E-03 -1.356267E-01 -2.060062E-03
         3  20 -1.712145E+00 -6.506362E-03  9.969460E-03 -5.210373E-04 -7.420920E-02  6.517977E-03
         3  21 -1.944024E+00  2.446934E-03  3.856000E-02 -3.671101E-03 -1.367008E-01  1.536960E-02
         3  22 -4.099924E-13 -1.070856E-14  1.609125E-14  4.388736E-14 -1.494827E-01 -2.060062E-03
         3  23 -3.946911E-13 -6.293712E-15  6.352916E-15  3.621167E-15 -8.806527E-02  6.517977E-03
         3  24 -3.890961E-13 -4.514229E-14  1.167426E-14 -1.833535E-14 -1.505568E-01  1.536960E-02
         3  25  1.479695E+00  1.412976E-02  1.805112E-02 -2.629026E-03 -1.356267E-01 -2.060062E-03
         3  26  1.712145E+00  6.506362E-03 -9.969460E-03  5.210373E-04 -7.420920E-02  6.517977E-03
         3  27  1.944024E+00 -2.446934E-03 -3.856000E-02  3.671101E-03 -1.367008E-01  1.536960E-02
         4   1 -2.160132E+00 -1.383768E-02  1.055552E-03 -1.036034E-02 -1.470212E-01 -8.820768E-03
         4   2 -2.388272E+00  2.675384E-02 -3.997591E-02 -1.342066E-02 -8.772995E-02  2.647282E-02
         4   3 -2.628548E+00  3.902668E-02 -9.314395E-02 -1.648098E-02 -1.446350E-01  6.759196E-02
         4   4  3.493947E-13  2.662097E-14  7.580630E-14  2.048477E-14 -1.492321E-01 -8.820768E-03
         4   5  2.466320E-13  4.304865E-16 -1.553122E-14  1.235189E-14 -8.994083E-02  2.647282E-02
         4   6  1.729047E-13 -5.570618E-14  2.164091E-14  5.743699E-14 -1.468458E-01  6.759196E-02
         4   7  2.160132E+00  1.383768E-02 -1.055552E-03  1.036034E-02 -1.470212E-01 -8.820768E-03
         4   8  2.388272E+00 -2.675384E-02  3.997591E-02  1.342066E-02 -8.772995E-02  2.647282E-02
         4   9  2.628548E+00 -3.902668E-02  9.314395E-02  1.648098E-02 -1.446350E-01  6.759196E-02
         4  10 -2.167223E+00 -1.687674E-02 -1.983515E-03  8.281269E-14 -1.221108E-01 -4.086801E-14
         4  11 -2.395363E+00  2.371478E-02 -4.301498E-02  4.324968E-14 -6.550403E-02  1.059890E-14
         4  12 -2.635639E+00  3.598762E-02 -9.618301E-02  5.521302E-14 -1.250935E-01  2.823277E-14
         4  13 -4.705302E-15 -4.502493E-15  4.277415E-14  3.503811E-14 -1.243216E-01 -5.061686E-15
         4  14  1.238002E-14  2.642380E-14  3.440939E-14  6.363931E-15 -6.771492E-02 -2.047588E-14
         4  15  1.414056E-14 -1.735822E-14  5.026325E-14  3.263925E-14 -1.273044E-01 -3.949410E-14
         4  16  2.167223E+00  1.687674E-02  1.983515E-03  2.061078E-14 -1.221108E-01 -2.013620E-14
         4  17  2.395363E+00 -2.371478E-02  4.301498E-02  2.442430E-15 -6.550403E-02 -2.906583E-14
         4  18  2.635639E+00 -3.598762E-02  9.618301E-02  4.334036E-14 -1.250935E-01 -2.228946E-14
         4  19 -2.160132E+00 -1.383768E-02  1.055552E-03  1.036034E-02 -1.470212E-01  8.820768E-03
         4  20 -2.388272E+00  2.675384E-02 -3.997591E-02  1.342066E-02 -8.772995E-02 -2.647282E-02
         4  21 -2.628548E+00  3.902668E-02 -9.314395E-02  1.648098E-02 -1.446350E-01 -6.759196E-02
         4  22 -3.494839E-13 -2.308906E-14  4.191379E-14  4.797525E-14 -1.492321E-01  8.820768E-03
         4  23 -2.481772E-13  2.884841E-14  3.238942E-14 -1.968334E-16 -8.994083E-02 -2.647282E-02
         4  24 -1.785036E-13 -1.026486E-14  8.472415E-15  7.080664E-15 -1.468458E-01 -6.759196E-02
         4  25  2.160132E+00  1.383768E-02 -1.055552E-03 -1.036034E-02 -1.470212E-01  8.820768E-03
         4  26  2.388272E+00 -2.675384E-02  3.997591E-02 -1.342066E-02 -8.772995E-02 -2.647282E-02
         4  27  2.628548E+00 -3.902668E-02  9.314395E-02 -1.648098E-02 -1.446350E-01 -6.759196E-02
         5   1 -2.628459E+00  3.918971E-02 -9.329079E-02  1.652176E-02  1.445102E-01  6.769530E-02
         5   2 -2.388153E+00  2.724262E-02 -4.078101E-02  1.327591E-02  8.760739E-02  2.696038E-02
         5   3 -2.160078E+00 -1.324239E-02 -5.017659E-04  1.003007E-02  1.469667E-01 -7.903877E-03
         5   4  1.187654E-13 -5.693364E-14  4.416381E-14 -2.798674E-14  1.468321E-01  6.769530E-02
         5   5  1.466866E-13  1.396313E-14  5.388697E-14 -1.824709E-15  8.992929E-02  2.696038E-02
         5   6  1.725426E-13  7.468240E-15  1.361824E-13  1.026151E-14  1.492886E-01 -7.903877E-03
         5   7  2.628459E+00 -3.918971E-02  9.329079E-02 -1.652176E-02  1.445102E-01  6.769530E-02
         5   8  2.388153E+00 -2.724262E-02  4.078101E-02 -1.327591E-02  8.760739E-02  2.696038E-02
         5   9  2.160078E+00  1.324239E-02  5.017659E-04 -1.003007E-02  1.469667E-01 -7.903877E-03
         5  10 -2.635759E+00  3.606116E-02 -9.641934E-02 -6.196450E-14  1.251714E-01  5.333558E-15
         5  11 -2.395453E+00  2.411407E-02 -4.390956E-02 -4.220596E-14  6.550504E-02 -1.359195E-14
         5  12 -2.167378E+00 -1.637093E-02 -3.630314E-03 -3.756541E-14  1.221008E-01  1.388251E-14
         5  13  2.967447E-14 -1.359750E-14  3.897546E-14 -1.249881E-14  1.274933E-01 -4.714240E-14
         5  14  9.672502E-15  1.279316E-14  1.047636E-15 -4.377282E-16  6.782693E-02 -1.287268E-14
         5  15  8.037611E-15 -1.848294E-14  8.082431E-14 -2.298772E-15  1.244227E-01  1.976155E-14
         5  16  2.635759E+00 -3.606116E-02  9.641934E-02  4.100759E-14  1.251714E-01 -2.739513E-15
         5  17  2.395453E+00 -2.411407E-02  4.390956E-02  4.418988E-14  6.550504E-02  2.233000E-14
         5  18  2.167378E+00  1.637093E-02  3.630314E-03  3.294655E-14  1.221008E-01 -8.946920E-15
         5  19 -2.628459E+00  3.918971E-02 -9.329079E-02 -1.652176E-02  1.445102E-01 -6.769530E-02
         5  20 -2.388153E+00  2.724262E-02 -4.078101E-02 -1.327591E-02  8.760739E-02 -2.696038E-02
         5  21 -2.160078E+00 -1.324239E-02 -5.017659E-04 -1.003007E-02  1.469667E-01  7.903877E-03
         5  22 -7.446275E-14  8.278212E-15 -2.270139E-14 -5.092149E-16  1.468321E-01 -6.769530E-02
         5  23 -1.313152E-13  5.865177E-16 -8.475511E-14 -2.245404E-15  8.992929E-02 -2.696038E-02
         5  24 -1.187037E-13 -1.323034E-14  9.204871E-14 -1.885742E-14  1.492886E-01  7.903877E-03
         5  25  2.628459E+00 -3.918971E-02  9.329079E-02  1.652176E-02  1.445102E-01 -6.769530E-02
         5  26  2.388153E+00 -2.724262E-02  4.078101E-02  1.327591E-02  8.760739E-02 -2.696038E-02
         5  27  2.160078E+00  1.324239E-02  5.017659E-04  1.003007E-02  1.469667E-01  7.903877E-03
         6   1 -1.944217E+00  2.466094E-03  3.770426E-02 -3.356357E-03  1.372643E-01 -1.491812E-02
         6   2 -1.712332E+00 -7.917448E-03  1.271100E-02  7.090349E-05  7.488323E-02 -8.175168E-03
         6   3 -1.479714E+00 -1.658828E-02 -1.154824E-02  3.498164E-03  1.360825E-01 -1.784545E-03
         6   4  1.291441E-13 -2.449780E-14  1.110827E-13 -3.775057E-14  1.505362E-01 -1.491812E-02
         6   5  1.522549E-13  5.938568E-15  4.176598E-14 -1.519347E-14  8.815514E-02 -8.175168E-03
         6   6  2.104515E-13  4.923467E-14  7.505983E-14 -5.905898E-15  1.493544E-01 -1.784545E-03
         6   7  1.944217E+00 -2.466094E-03 -3.770426E-02  3.356357E-03  1.372643E-01 -1.491812E-02
         6   8  1.712332E+00  7.917448E-03 -1.271100E-02 -7.090349E-05  7.488323E-02 -8.175168E-03
         6   9  1.479714E+00  1.658828E-02  1.154824E-02 -3.498164E-03  1.360825E-01 -1.784545E-03
         6  10 -1.940705E+00  3.971234E-03  3.920940E-02 -2.045338E-14  1.269379E-01  1.982416E-14
         6  11 -1.708820E+00 -6.412307E-03  1.421614E-02 -2.512868E-15  6.588634E-02 -1.190985E-14
         6  12 -1.476202E+00 -1.508314E-02 -1.004310E-02  9.135951E-16  1.284151E-01  1.619048E-14
         6  13  8.579735E-15 -3.088078E-14  8.438267E-14 -1.732874E-14  1.402098E-01  2.305308E-14
         6  14  1.029046E-14  4.765823E-16  8.922173E-15 -8.041200E-15  7.915825E-02  7.133969E-15
         6  15  3.563615E-14  3.307182E-14  9.228267E-15 -1.106240E-14  1.416871E-01  2.003418E-14
         6  16  1.940705E+00 -3.971234E-03 -3.920940E-02 -1.559885E-14  1.269379E-01 -1.019105E-14
         6  17  1.708820E+00  6.412307E-03 -1.421614E-02 -1.771302E-14  6.588634E-02 -1.617901E-14
         6  18  1.476202E+00  1.508314E-02  1.004310E-02 -3.300107E-14  1.284151E-01  1.430409E-14
         6  19 -1.944217E+00  2.466094E-03  3.770426E-02  3.356357E-03  1.372643E-01  1.491812E-02
         6  20 -1.712332E+00 -7.917448E-03  1.271100E-02 -7.090349E-05  7.488323E-02  8.175168E-03
         6  21 -1.479714E+00 -1.658828E-02 -1.154824E-02 -3.498164E-03  1.360825E-01  1.784545E-03
         6  22 -8.098872E-14  3.498269E-15  1.617449E-13  4.220621E-15  1.505362E-01  1.491812E-02
         6  23 -1.188506E-13  1.544906E-14  3.159221E-14  1.740487E-15  8.815514E-02  8.175168E-03
         6  24 -1.006449E-13  6.180578E-14  5.451847E-14 -1.423411E-14  1.493544E-01  1.784545E-03
         6  25  1.944217E+00 -2.466094E-03 -3.770426E-02 -3.356357E-03  1.372643E-01  1.491812E-02
         6  26  1.712332E+00  7.917448E-03 -1.271100E-02  7.090349E-05  7.488323E-02  8.175168E-03
         6  27  1.479714E+00  1.658828E-02  1.154824E-02  3.498164E-03  1.360825E-01  1.784545E-03
         7   1 -1.257728E+00  1.600047E-02  1.150439E-02  3.858819E-03  1.359989E-01  1.818335E-03
         7   2 -1.025136E+00  7.333805E-03 -1.310761E-02  1.725299E-03  7.457082E-02  8.254317E-03
         7   3 -7.932469E-01 -2.973905E-03 -3.842291E-02 -4.082215E-04  1.367631E-01  1.502788E-02
         7   4  2.067845E-13  4.865997E-14  7.378732E-14  2.721592E-14  1.493210E-01  1.818335E-03
         7   5  1.678633E-13  3.246078E-14  3.021389E-14  9.147886E-15  8.789298E-02  8.254317E-03
         7   6  1.056951E-13 -1.037590E-15 -6.465629E-14  1.325622E-14  1.500853E-01  1.502788E-02
         7   7  1.257728E+00 -1.600047E-02 -1.150439E-02 -3.858819E-03  1.359989E-01  1.818335E-03
         7   8  1.025136E+00 -7.333805E-03  1.310761E-02 -1.725299E-03  7.457082E-02  8.254317E-03
         7   9  7.932469E-01  2.973905E-03  3.842291E-02  4.082215E-04  1.367631E-01  1.502788E-02
         7  10 -1.259999E+00  1.502713E-02  1.053105E-02  5.595740E-15  1.284894E-01  1.930307E-14
         7  11 -1.027407E+00  6.360459E-03 -1.408095E-02  3.053043E-15  6.620157E-02 -1.210661E-14
         7  12 -7.955180E-01 -3.947250E-03 -3.939626E-02  1.875911E-14  1.275341E-01 -1.506131E-15
         7  13  2.270016E-14  2.925013E-14  1.558509E-14  1.888827E-14  1.418116E-01  4.339456E-15
         7  14  1.846327E-14  1.662747E-14  1.052722E-14  8.646920E-15  7.952373E-02 -1.261491E-14
         7  15  1.647784E-15 -6.919004E-15 -3.502223E-14  1.660314E-14  1.408563E-01  1.912153E-14
         7  16  1.259999E+00 -1.502713E-02 -1.053105E-02  1.673765E-14  1.284894E-01  2.501825E-14
         7  17  1.027407E+00 -6.360459E-03  1.408095E-02  3.003917E-16  6.620157E-02 -2.808947E-15
         7  18  7.955180E-01  3.947250E-03  3.939626E-02  4.201224E-15  1.275341E-01  1.042742E-14
         7  19 -1.257728E+00  1.600047E-02  1.150439E-02 -3.858819E-03  1.359989E-01 -1.818335E-03
         7  20 -1.025136E+00  7.333805E-03 -1.310761E-02 -1.725299E-03  7.457082E-02 -8.254317E-03
         7  21 -7.932469E-01 -2.973905E-03 -3.842291E-02  4.082215E-04  1.367631E-01 -1.502788E-02
         7  22 -1.091863E-13  5.948120E-14  7.046939E-14  6.735732E-15  1.493210E-01 -1.818335E-03
         7  23 -1.053840E-13  2.018960E-14  2.993927E-14  3.344757E-15  8.789298E-02 -8.254317E-03
         7  24 -8.520829E-14  2.227188E-15  2.740148E-14  1.595455E-14  1.500853E-01 -1.502788E-02
         7  25  1.257728E+00 -1.600047E-02 -1.150439E-02  3.858819E-03  1.359989E-01 -1.818335E-03
         7  26  1.025136E+00 -7.333805E-03  1.310761E-02  1.725299E-03  7.457082E-02 -8.254317E-03
         7  27  7.932469E-01  2.973905E-03  3.842291E-02 -4.082215E-04  1.367631E-01 -1.502788E-02
         8   1 -5.746204E-01  1.583711E-02  1.532205E-03  1.031871E-02  1.468979E-01  7.555088E-03
         8   2 -3.444841E-01 -2.269457E-02  4.332306E-02  7.942269E-03  8.843278E-02 -2.754345E-02
         8   3 -1.065152E-01 -4.295006E-02  9.294656E-02  5.565824E-03  1.467504E-01 -6.640166E-02
         8   4  6.286099E-14 -1.551162E-14 -8.682928E-14  6.628194E-15  1.491752E-01  7.555088E-03
         8   5  5.117366E-14 -7.571555E-15 -2.462928E-14 -5.602555E-15  9.071007E-02 -2.754345E-02
         8   6  3.084315E-14 -1.729037E-14  2.701196E-14  1.015863E-16  1.490277E-01 -6.640166E-02
         8   7  5.746204E-01 -1.583711E-02 -1.532205E-03 -1.031871E-02  1.468979E-01  7.555088E-03
         8   8  3.444841E-01  2.269457E-02 -4.332306E-02 -7.942269E-03  8.843278E-02 -2.754345E-02
         8   9  1.065152E-01  4.295006E-02 -9.294656E-02 -5.565824E-03  1.467504E-01 -6.640166E-02
         8  10 -5.741820E-01  1.602501E-02  1.720103E-03  1.461377E-14  1.224917E-01  3.849811E-15
         8  11 -3.440457E-01 -2.250667E-02  4.351095E-02  3.647936E-15  6.419254E-02  2.075671E-14
         8  12 -1.060768E-01 -4.276216E-02  9.313446E-02  1.637131E-14  1.226761E-01  2.243660E-15
         8  13  2.707475E-15 -5.723459E-15 -3.505716E-14  8.462553E-15  1.247690E-01 -4.743989E-15
         8  14  9.732134E-15  3.369898E-15 -1.761452E-15 -3.237826E-15  6.646983E-02 -6.120039E-16
         8  15 -1.819266E-15 -1.528244E-14 -2.640236E-15  2.987747E-15  1.249534E-01 -1.429764E-14
         8  16  5.741820E-01 -1.602501E-02 -1.720103E-03  2.144885E-14  1.224917E-01  1.428336E-14
         8  17  3.440457E-01  2.250667E-02 -4.351095E-02  1.206705E-14  6.419254E-02  2.079442E-14
         8  18  1.060768E-01  4.276216E-02 -9.313446E-02  1.693696E-14  1.226761E-01 -8.254881E-15
         8  19 -5.746204E-01  1.583711E-02  1.532205E-03 -1.031871E-02  1.468979E-01 -7.555088E-03
         8  20 -3.444841E-01 -2.269457E-02  4.332306E-02 -7.942269E-03  8.843278E-02  2.754345E-02
         8  21 -1.065152E-01 -4.295006E-02  9.294656E-02 -5.565824E-03  1.467504E-01  6.640166E-02
         8  22 -4.698401E-14  1.141816E-14  3.059769E-14  1.224128E-14  1.491752E-01 -7.555088E-03
         8  23 -3.614990E-14  7.963797E-15  4.351308E-15 -5.917221E-16  9.071007E-02  2.754345E-02
         8  24 -2.151479E-14 -3.076032E-17 -1.127357E-15  6.554345E-15  1.490277E-01  6.640166E-02
         8  25  5.746204E-01 -1.583711E-02 -1.532205E-03  1.031871E-02  1.468979E-01 -7.555088E-03
         8  26  3.444841E-01  2.269457E-02 -4.332306E-02  7.942269E-03  8.843278E-02  2.754345E-02
         8  27  1.065152E-01  4.295006E-02 -9.294656E-02  5.565824E-03  1.467504E-01  6.640166E-02
