
                        S T E P       1


                                INCREMENT     1


 displacements (vx,vy,vz) for set MID and time  0.1000000E+01

        17  1.359437E-16 -4.296761E-14 -6.173757E-02

 stresses (elem, integ.pnt.,sxx,syy,szz,sxy,sxz,syz) for set MEMBER and time  0.1000000E+01

         1   1 -3.836635E-02  4.997034E-03 -3.127209E-04 -6.808017E-03 -1.045751E-01 -1.759485E-03
         1   2 -1.485373E-01 -4.590157E-03 -2.912814E-03 -5.406134E-03 -9.291953E-02  4.947287E-04
         1   3 -2.536166E-01 -2.296818E-03 -4.212502E-04 -4.004252E-03 -1.060637E-01  5.157595E-04
         1   4  2.332969E-14  2.542362E-15 -4.228427E-15 -1.973850E-14 -1.151624E-01 -1.759485E-03
         1   5  8.512406E-14 -7.965916E-16  1.126223E-15 -7.917147E-15 -1.035069E-01  4.947287E-04
         1   6  1.535696E-13  2.147871E-15  1.525286E-14 -1.182865E-14 -1.166510E-01  5.157595E-04
         1   7  3.836635E-02 -4.997034E-03  3.127209E-04  6.808017E-03 -1.045751E-01 -1.759485E-03
         1   8  1.485373E-01  4.590157E-03  2.912814E-03  5.406134E-03 -9.291953E-02  4.947287E-04
         1   9  2.536166E-01  2.296818E-03  4.212502E-04  4.004252E-03 -1.060637E-01  5.157595E-04
         1  10 -2.868398E-02  9.146624E-03  3.836868E-03 -1.745099E-14 -9.952930E-02 -1.272808E-14
         1  11 -1.388549E-01 -4.405678E-04  1.236776E-03 -8.260446E-15 -8.619909E-02 -2.545033E-15
         1  12 -2.439342E-01  1.852771E-03  3.728339E-03 -2.540132E-14 -9.766858E-02 -5.072766E-15
         1  13  1.385334E-14  5.268837E-15 -1.781491E-15 -2.831799E-14 -1.101167E-01 -1.311175E-14
         1  14  2.568333E-14  3.061367E-15  1.912196E-15 -1.905321E-14 -9.678645E-02 -5.849141E-15
         1  15  3.973143E-14  5.436580E-15  1.316031E-14 -2.634310E-14 -1.082559E-01 -1.030783E-14
         1  16  2.868398E-02 -9.146624E-03 -3.836868E-03 -5.213625E-14 -9.952930E-02 -1.384957E-14
         1  17  1.388549E-01  4.405678E-04 -1.236776E-03 -4.131098E-14 -8.619909E-02 -5.778959E-15
         1  18  2.439342E-01 -1.852771E-03 -3.728339E-03 -4.116563E-14 -9.766858E-02 -1.157549E-14
         1  19 -3.836635E-02  4.997034E-03 -3.127209E-04  6.808017E-03 -1.045751E-01  1.759485E-03
         1  20 -1.485373E-01 -4.590157E-03 -2.912814E-03  5.406134E-03 -9.291953E-02 -4.947287E-04
         1  21 -2.536166E-01 -2.296818E-03 -4.212502E-04  4.004252E-03 -1.060637E-01 -5.157595E-04
         1  22 -1.242960E-14  1.041428E-15 -5.712202E-15 -2.945528E-14 -1.151624E-01  1.759485E-03
         1  23 -4.740513E-14  2.575925E-15  1.867898E-15 -2.281744E-14 -1.035069E-01 -4.947287E-04
         1  24 -8.088009E-14  7.976625E-15  1.532708E-14 -3.574724E-14 -1.166510E-01 -5.157595E-04
         1  25  3.836635E-02 -4.997034E-03  3.127209E-04 -6.808017E-03 -1.045751E-01  1.759485E-03
         1  26  1.485373E-01  4.590157E-03  2.912814E-03 -5.406134E-03 -9.291953E-02 -4.947287E-04
         1  27  2.536166E-01  2.296818E-03  4.212502E-04 -4.004252E-03 -1.060637E-01 -5.157595E-04
         2   1 -3.203956E-01 -1.273164E-03 -8.495301E-04 -1.243390E-03 -1.064027E-01  4.518894E-05
         2   2 -4.278156E-01  5.955432E-04  4.762462E-04 -1.683204E-03 -9.368923E-02 -6.504096E-05
         2   3 -5.355408E-01  1.752169E-03  1.496845E-03 -2.123018E-03 -1.062094E-01 -4.142108E-05
         2   4  1.834866E-13  4.500037E-17  1.272478E-14 -1.937248E-14 -1.168832E-01  4.518894E-05
         2   5  2.304321E-13 -7.175685E-15 -3.818076E-15 -1.624367E-14 -1.041698E-01 -6.504096E-05
         2   6  2.836686E-13 -1.064107E-14 -5.518259E-15 -3.008785E-14 -1.166900E-01 -4.142108E-05
         2   7  3.203956E-01  1.273164E-03  8.495301E-04  1.243390E-03 -1.064027E-01  4.518894E-05
         2   8  4.278156E-01 -5.955432E-04 -4.762462E-04  1.683204E-03 -9.368923E-02 -6.504096E-05
         2   9  5.355408E-01 -1.752169E-03 -1.496845E-03  2.123018E-03 -1.062094E-01 -4.142108E-05
         2  10 -3.216526E-01 -1.811878E-03 -1.388245E-03 -3.993856E-14 -9.756859E-02  2.701443E-17
         2  11 -4.290726E-01  5.682833E-05 -6.246861E-05 -3.029323E-14 -8.507258E-02  8.574629E-15
         2  12 -5.367978E-01  1.213454E-03  9.581302E-04 -4.485739E-14 -9.781016E-02 -2.178906E-15
         2  13  2.155801E-14 -3.334715E-15  4.043972E-15 -3.279419E-14 -1.080492E-01 -6.793378E-15
         2  14  2.005534E-14 -5.563880E-15 -3.479147E-15 -2.680990E-14 -9.555314E-02  5.218043E-15
         2  15  2.682330E-14 -3.135534E-15  4.793931E-15 -3.916945E-14 -1.082907E-01 -2.738599E-15
         2  16  3.216526E-01  1.811878E-03  1.388245E-03 -3.567935E-14 -9.756859E-02 -9.202133E-15
         2  17  4.290726E-01 -5.682833E-05  6.246861E-05 -3.050136E-14 -8.507258E-02 -1.980953E-15
         2  18  5.367978E-01 -1.213454E-03 -9.581302E-04 -3.467583E-14 -9.781016E-02 -1.302471E-14
         2  19 -3.203956E-01 -1.273164E-03 -8.495301E-04  1.243390E-03 -1.064027E-01 -4.518894E-05
         2  20 -4.278156E-01  5.955432E-04  4.762462E-04  1.683204E-03 -9.368923E-02  6.504096E-05
         2  21 -5.355408E-01  1.752169E-03  1.496845E-03  2.123018E-03 -1.062094E-01  4.142108E-05
         2  22 -1.307942E-13 -9.713798E-16  4.939549E-15 -3.869153E-14 -1.168832E-01 -4.518894E-05
         2  23 -1.839557E-13 -4.149834E-15 -1.018367E-14 -3.114717E-14 -1.041698E-01  6.504096E-05
         2  24 -2.297285E-13 -5.207448E-15 -1.702878E-14 -4.153927E-14 -1.166900E-01  4.142108E-05
         2  25  3.203956E-01  1.273164E-03  8.495301E-04 -1.243390E-03 -1.064027E-01 -4.518894E-05
         2  26  4.278156E-01 -5.955432E-04 -4.762462E-04 -1.683204E-03 -9.368923E-02  6.504096E-05
         2  27  5.355408E-01 -1.752169E-03 -1.496845E-03 -2.123018E-03 -1.062094E-01  4.142108E-05
         3   1 -6.066043E-01 -1.298557E-03 -1.450882E-03 -2.326917E-03 -1.061331E-01 -2.569106E-06
         3   2 -7.142105E-01 -1.054662E-04 -8.789954E-05 -2.264680E-03 -9.353313E-02  2.031618E-06
         3   3 -8.217499E-01  1.243345E-03  1.341820E-03 -2.202443E-03 -1.061655E-01 -2.263842E-05
         3   4  3.162472E-13 -9.537782E-15  2.362861E-15 -3.348334E-14 -1.167076E-01 -2.569106E-06
         3   5  3.742707E-13 -1.126476E-15  3.083138E-14 -2.587413E-14 -1.041076E-01  2.031618E-06
         3   6  4.499514E-13  2.467700E-14  1.007653E-13 -4.111580E-14 -1.167400E-01 -2.263842E-05
         3   7  6.066043E-01  1.298557E-03  1.450882E-03  2.326917E-03 -1.061331E-01 -2.569106E-06
         3   8  7.142105E-01  1.054662E-04  8.789954E-05  2.264680E-03 -9.353313E-02  2.031618E-06
         3   9  8.217499E-01 -1.243345E-03 -1.341820E-03  2.202443E-03 -1.061655E-01 -2.263842E-05
         3  10 -6.063940E-01 -1.208416E-03 -1.360740E-03 -5.460092E-14 -9.781092E-02 -6.220565E-15
         3  11 -7.140001E-01 -1.532486E-05  2.241830E-06 -4.927843E-14 -8.517454E-02 -9.726928E-15
         3  12 -8.215395E-01  1.333487E-03  1.431961E-03 -6.861146E-14 -9.777050E-02 -3.237064E-14
         3  13  3.485070E-14  1.045634E-15  1.076890E-14 -3.935766E-14 -1.083854E-01 -1.036678E-14
         3  14  2.905936E-14  2.857291E-15  1.099801E-14 -2.913812E-14 -9.574905E-02 -6.096421E-15
         3  15  1.628015E-14  6.784754E-16  6.154849E-15 -3.917985E-14 -1.083450E-01 -1.097358E-14
         3  16  6.063940E-01  1.208416E-03  1.360740E-03 -2.099701E-14 -9.781092E-02 -2.109294E-14
         3  17  7.140001E-01  1.532486E-05 -2.241830E-06 -1.373196E-14 -8.517454E-02 -2.019320E-14
         3  18  8.215395E-01 -1.333487E-03 -1.431961E-03 -1.927999E-14 -9.777050E-02 -1.237223E-14
         3  19 -6.066043E-01 -1.298557E-03 -1.450882E-03  2.326917E-03 -1.061331E-01  2.569106E-06
         3  20 -7.142105E-01 -1.054662E-04 -8.789954E-05  2.264680E-03 -9.353313E-02 -2.031618E-06
         3  21 -8.217499E-01  1.243345E-03  1.341820E-03  2.202443E-03 -1.061655E-01  2.263842E-05
         3  22 -2.413335E-13  5.912188E-15 -5.167689E-15 -3.807143E-14 -1.167076E-01  2.569106E-06
         3  23 -3.081282E-13  7.501682E-15 -1.476815E-14 -2.311895E-14 -1.041076E-01 -2.031618E-06
         3  24 -3.779706E-13  5.218291E-15 -3.302622E-14 -2.897234E-14 -1.167400E-01  2.263842E-05
         3  25  6.066043E-01  1.298557E-03  1.450882E-03 -2.326917E-03 -1.061331E-01  2.569106E-06
         3  26  7.142105E-01  1.054662E-04  8.789954E-05 -2.264680E-03 -9.353313E-02 -2.031618E-06
         3  27  8.217499E-01 -1.243345E-03 -1.341820E-03 -2.202443E-03 -1.061655E-01  2.263842E-05
         4   1 -8.921048E-01 -1.248649E-03 -1.220509E-03 -2.236245E-03 -1.062321E-01 -1.889022E-05
         4   2 -9.996482E-01  1.188408E-04 -6.427121E-05 -2.276243E-03 -9.361190E-02  5.529312E-05
         4   3 -1.107254E+00  1.340135E-03  1.029312E-03 -2.316241E-03 -1.062072E-01  1.569567E-04
         4   4  4.625106E-13  1.466646E-14  7.911743E-14 -3.419423E-14 -1.167184E-01 -1.889022E-05
         4   5  4.979864E-13 -4.357060E-15  6.498768E-15 -1.916344E-14 -1.040981E-01  5.529312E-05
         4   6  5.704251E-13  9.639958E-15  1.339665E-14 -2.575149E-14 -1.166934E-01  1.569567E-04
         4   7  8.921048E-01  1.248649E-03  1.220509E-03  2.236245E-03 -1.062321E-01 -1.889022E-05
         4   8  9.996482E-01 -1.188408E-04  6.427121E-05  2.276243E-03 -9.361190E-02  5.529312E-05
         4   9  1.107254E+00 -1.340135E-03 -1.029312E-03  2.316241E-03 -1.062072E-01  1.569567E-04
         4  10 -8.922672E-01 -1.318252E-03 -1.290113E-03 -8.134830E-14 -9.776702E-02 -2.796967E-14
         4  11 -9.998106E-01  4.923714E-05 -1.338748E-04 -6.152422E-14 -8.517488E-02  1.240633E-14
         4  12 -1.107417E+00  1.270531E-03  9.597082E-04 -6.877338E-14 -9.779823E-02  1.038371E-14
         4  13  5.718452E-15 -5.222221E-16  1.009696E-14 -3.026261E-14 -1.082533E-01 -1.251949E-14
         4  14  1.408207E-14 -3.455392E-16  6.966989E-15 -1.841202E-14 -9.566112E-02  3.949148E-15
         4  15  2.844047E-14  6.612701E-15  2.652487E-14 -2.710951E-14 -1.082845E-01  6.945265E-15
         4  16  8.922672E-01  1.318252E-03  1.290113E-03 -2.128757E-14 -9.776702E-02 -1.790894E-14
         4  17  9.998106E-01 -4.923714E-05  1.338748E-04 -1.610905E-14 -8.517488E-02 -8.395898E-15
         4  18  1.107417E+00 -1.270531E-03 -9.597082E-04 -2.529326E-14 -9.779823E-02  3.741626E-15
         4  19 -8.921048E-01 -1.248649E-03 -1.220509E-03  2.236245E-03 -1.062321E-01  1.889022E-05
         4  20 -9.996482E-01  1.188408E-04 -6.427121E-05  2.276243E-03 -9.361190E-02 -5.529312E-05
         4  21 -1.107254E+00  1.340135E-03  1.029312E-03  2.316241E-03 -1.062072E-01 -1.569567E-04
         4  22 -4.363550E-13 -2.347689E-15 -2.915371E-14 -2.364908E-14 -1.167184E-01  1.889022E-05
         4  23 -4.701579E-13  6.349101E-15  1.667754E-14 -1.561970E-14 -1.040981E-01 -5.529312E-05
         4  24 -5.221996E-13 -2.654144E-15  2.771375E-14 -2.510288E-14 -1.166934E-01 -1.569567E-04
         4  25  8.921048E-01  1.248649E-03  1.220509E-03 -2.236245E-03 -1.062321E-01  1.889022E-05
         4  26  9.996482E-01 -1.188408E-04  6.427121E-05 -2.276243E-03 -9.361190E-02 -5.529312E-05
         4  27  1.107254E+00 -1.340135E-03 -1.029312E-03 -2.316241E-03 -1.062072E-01 -1.569567E-04
         5   1 -1.178031E+00 -1.591682E-03 -1.576138E-03 -2.002406E-03 -1.059433E-01  9.516726E-05
         5   2 -1.285728E+00 -5.217972E-04  4.621102E-04 -1.865178E-03 -9.334520E-02 -3.112395E-04
         5   3 -1.393162E+00  1.163461E-03  2.764089E-03 -1.727951E-03 -1.060393E-01 -8.333179E-04
         5   4  5.617596E-13 -2.232965E-15  7.057250E-15 -2.693662E-14 -1.167527E-01  9.516726E-05
         5   5  6.242500E-13  1.823748E-15  1.407107E-15 -1.133978E-14 -1.041547E-01 -3.112395E-04
         5   6  6.809765E-13  5.954631E-16 -2.410026E-14 -1.866705E-14 -1.168487E-01 -8.333179E-04
         5   7  1.178031E+00  1.591682E-03  1.576138E-03  2.002406E-03 -1.059433E-01  9.516726E-05
         5   8  1.285728E+00  5.217972E-04 -4.621102E-04  1.865178E-03 -9.334520E-02 -3.112395E-04
         5   9  1.393162E+00 -1.163461E-03 -2.764089E-03  1.727951E-03 -1.060393E-01 -8.333179E-04
         5  10 -1.177406E+00 -1.324080E-03 -1.308535E-03 -4.456346E-14 -9.784319E-02 -3.257524E-15
         5  11 -1.285104E+00 -2.541947E-04  7.297127E-04 -3.959459E-14 -8.513712E-02 -2.701027E-14
         5  12 -1.392537E+00  1.431064E-03  3.031692E-03 -5.985436E-14 -9.772319E-02 -3.911442E-14
         5  13  2.682951E-14  2.762567E-15  2.026175E-14 -2.923491E-14 -1.086527E-01  2.858929E-15
         5  14  1.798324E-14 -7.662200E-15 -8.287810E-15 -1.333168E-14 -9.594659E-02  1.320541E-14
         5  15  2.100363E-14 -2.256563E-15 -3.625479E-15 -2.087549E-14 -1.085327E-01 -8.405498E-15
         5  16  1.177406E+00  1.324080E-03  1.308535E-03 -3.708372E-14 -9.784319E-02  1.253409E-14
         5  17  1.285104E+00  2.541947E-04 -7.297127E-04 -2.032707E-14 -8.513712E-02  8.649061E-15
         5  18  1.392537E+00 -1.431064E-03 -3.031692E-03 -2.296487E-14 -9.772319E-02 -1.800702E-14
         5  19 -1.178031E+00 -1.591682E-03 -1.576138E-03  2.002406E-03 -1.059433E-01 -9.516726E-05
         5  20 -1.285728E+00 -5.217972E-04  4.621102E-04  1.865178E-03 -9.334520E-02  3.112395E-04
         5  21 -1.393162E+00  1.163461E-03  2.764089E-03  1.727951E-03 -1.060393E-01  8.333179E-04
         5  22 -5.145839E-13  2.664448E-15  2.287807E-14 -2.559552E-14 -1.167527E-01 -9.516726E-05
         5  23 -5.917299E-13 -1.679753E-14 -1.321939E-14 -1.025396E-14 -1.041547E-01  3.112395E-04
         5  24 -6.512795E-13 -1.764122E-14 -1.283819E-14 -1.786472E-14 -1.168487E-01  8.333179E-04
         5  25  1.178031E+00  1.591682E-03  1.576138E-03 -2.002406E-03 -1.059433E-01 -9.516726E-05
         5  26  1.285728E+00  5.217972E-04 -4.621102E-04 -1.865178E-03 -9.334520E-02  3.112395E-04
         5  27  1.393162E+00 -1.163461E-03 -2.764089E-03 -1.727951E-03 -1.060393E-01  8.333179E-04
         6   1 -1.462529E+00 -9.369986E-05 -1.043544E-04 -3.229542E-03 -1.074120E-01 -4.731354E-04
         6   2 -1.569562E+00  2.406151E-03 -2.537731E-03 -3.734621E-03 -9.475335E-02  1.688238E-03
         6   3 -1.677749E+00  2.212078E-03 -6.125646E-03 -4.239699E-03 -1.070197E-01  4.355988E-03
         6   4  6.824369E-13 -1.547207E-14 -5.889934E-14 -2.256854E-14 -1.166013E-01 -4.731354E-04
         6   5  7.286539E-13 -2.357170E-14 -9.300062E-14 -1.009677E-14 -1.039427E-01  1.688238E-03
         6   6  7.986962E-13 -8.735462E-15 -7.358489E-14 -1.867748E-14 -1.162090E-01  4.355988E-03
         6   7  1.462529E+00  9.369986E-05  1.043544E-04  3.229542E-03 -1.074120E-01 -4.731354E-04
         6   8  1.569562E+00 -2.406151E-03  2.537731E-03  3.734621E-03 -9.475335E-02  1.688238E-03
         6   9  1.677749E+00 -2.212078E-03  6.125646E-03  4.239699E-03 -1.070197E-01  4.355988E-03
         6  10 -1.465081E+00 -1.187210E-03 -1.197864E-03 -8.129625E-14 -9.744389E-02 -2.641615E-14
         6  11 -1.572113E+00  1.312641E-03 -3.631241E-03 -6.537653E-14 -8.522660E-02  2.355852E-15
         6  12 -1.680301E+00  1.118568E-03 -7.219156E-03 -7.685141E-14 -9.793424E-02 -2.065683E-14
         6  13  1.089796E-14 -8.869750E-15 -1.646772E-14 -2.846608E-14 -1.066332E-01 -1.143008E-14
         6  14  1.755850E-14 -4.639623E-15  3.875664E-15 -1.767525E-14 -9.441590E-02 -3.867261E-15
         6  15  2.598713E-14 -1.574675E-15  1.941937E-14 -2.753905E-14 -1.071235E-01 -1.132171E-14
         6  16  1.465081E+00  1.187210E-03  1.197864E-03 -2.911510E-14 -9.744389E-02 -2.913134E-14
         6  17  1.572113E+00 -1.312641E-03  3.631241E-03 -1.502519E-14 -8.522660E-02 -2.314374E-14
         6  18  1.680301E+00 -1.118568E-03  7.219156E-03 -1.502005E-14 -9.793424E-02 -5.655489E-15
         6  19 -1.462529E+00 -9.369986E-05 -1.043544E-04  3.229542E-03 -1.074120E-01  4.731354E-04
         6  20 -1.569562E+00  2.406151E-03 -2.537731E-03  3.734621E-03 -9.475335E-02 -1.688238E-03
         6  21 -1.677749E+00  2.212078E-03 -6.125646E-03  4.239699E-03 -1.070197E-01 -4.355988E-03
         6  22 -6.720918E-13 -9.100296E-15  1.478672E-14 -3.168112E-14 -1.166013E-01  4.731354E-04
         6  23 -7.238914E-13 -1.375309E-14  3.769544E-14 -2.219626E-14 -1.039427E-01 -1.688238E-03
         6  24 -7.947957E-13 -3.826311E-14  1.440746E-14 -3.291258E-14 -1.162090E-01 -4.355988E-03
         6  25  1.462529E+00  9.369986E-05  1.043544E-04 -3.229542E-03 -1.074120E-01  4.731354E-04
         6  26  1.569562E+00 -2.406151E-03  2.537731E-03 -3.734621E-03 -9.475335E-02 -1.688238E-03
         6  27  1.677749E+00 -2.212078E-03  6.125646E-03 -4.239699E-03 -1.070197E-01 -4.355988E-03
         7   1 -1.752153E+00 -6.025950E-03 -6.614553E-03  2.696069E-03 -9.986233E-02  2.316677E-03
         7   2 -1.862015E+00 -1.053182E-02  1.366858E-02  3.845970E-03 -8.721197E-02 -9.081068E-03
         7   3 -1.966948E+00 -3.540057E-03  3.887926E-02  4.995870E-03 -1.012425E-01 -2.264002E-02
         7   4  8.212446E-13 -8.390843E-15 -8.059137E-14 -3.819369E-14 -1.172054E-01  2.316677E-03
         7   5  8.415263E-13 -2.400801E-14 -9.342217E-14 -2.213626E-14 -1.045550E-01 -9.081068E-03
         7   6  8.827192E-13 -3.671543E-14 -4.005154E-14 -1.510817E-14 -1.185855E-01 -2.264002E-02
         7   7  1.752153E+00  6.025950E-03  6.614553E-03 -2.696069E-03 -9.986233E-02  2.316677E-03
         7   8  1.862015E+00  1.053182E-02 -1.366858E-02 -3.845970E-03 -8.721197E-02 -9.081068E-03
         7   9  1.966948E+00  3.540057E-03 -3.887926E-02 -4.995870E-03 -1.012425E-01 -2.264002E-02
         7  10 -1.743176E+00 -2.178659E-03 -2.767262E-03 -6.973036E-14 -9.960512E-02 -1.457819E-14
         7  11 -1.853037E+00 -6.684530E-03  1.751587E-02 -5.226691E-14 -8.540212E-02  1.257328E-14
         7  12 -1.957971E+00  3.072339E-04  4.272655E-02 -4.316839E-14 -9.787996E-02  3.006390E-15
         7  13  2.433617E-14 -1.778160E-15  1.075341E-15 -3.955858E-14 -1.169482E-01 -4.273306E-15
         7  14  2.411372E-14  2.628626E-15 -1.474554E-14 -2.757635E-14 -1.027452E-01  9.192191E-15
         7  15  2.294417E-14 -1.232367E-14 -1.673606E-14 -2.510353E-14 -1.152230E-01  1.651893E-15
         7  16  1.743176E+00  2.178659E-03  2.767262E-03  1.328001E-14 -9.960512E-02  2.379176E-15
         7  17  1.853037E+00  6.684530E-03 -1.751587E-02  1.684152E-14 -8.540212E-02  1.346112E-15
         7  18  1.957971E+00 -3.072339E-04 -4.272655E-02  1.193245E-14 -9.787996E-02 -1.380746E-14
         7  19 -1.752153E+00 -6.025950E-03 -6.614553E-03 -2.696069E-03 -9.986233E-02 -2.316677E-03
         7  20 -1.862015E+00 -1.053182E-02  1.366858E-02 -3.845970E-03 -8.721197E-02  9.081068E-03
         7  21 -1.966948E+00 -3.540057E-03  3.887926E-02 -4.995870E-03 -1.012425E-01  2.264002E-02
         7  22 -7.908816E-13 -2.548152E-14 -1.503015E-16 -2.955357E-14 -1.172054E-01 -2.316677E-03
         7  23 -8.154437E-13 -3.706111E-15 -2.375453E-14 -2.167047E-14 -1.045550E-01  9.081068E-03
         7  24 -8.502400E-13 -1.091908E-14 -5.663530E-14 -2.384099E-14 -1.185855E-01  2.264002E-02
         7  25  1.752153E+00  6.025950E-03  6.614553E-03  2.696069E-03 -9.986233E-02 -2.316677E-03
         7  26  1.862015E+00  1.053182E-02 -1.366858E-02  3.845970E-03 -8.721197E-02  9.081068E-03
         7  27  1.966948E+00  3.540057E-03 -3.887926E-02  4.995870E-03 -1.012425E-01  2.264002E-02
         8   1 -2.029100E+00  1.122618E-02  1.950901E-02 -2.148765E-02 -1.385824E-01 -1.042277E-02
         8   2 -2.132944E+00  4.012714E-02 -7.528050E-02 -2.325396E-02 -1.276013E-01  4.901484E-02
         8   3 -2.245615E+00  4.843121E-02 -1.788972E-01 -2.502026E-02 -1.361958E-01  1.123240E-01
         8   4  9.018728E-13 -3.731389E-14  3.788737E-16 -1.050757E-14 -1.156122E-01 -1.042277E-02
         8   5  9.345957E-13 -2.463121E-14  1.969262E-14  1.238391E-15 -1.046311E-01  4.901484E-02
         8   6  9.544568E-13 -1.878994E-14  3.567808E-15  4.825763E-15 -1.132256E-01  1.123240E-01
         8   7  2.029100E+00 -1.122618E-02 -1.950901E-02  2.148765E-02 -1.385824E-01 -1.042277E-02
         8   8  2.132944E+00 -4.012714E-02  7.528050E-02  2.325396E-02 -1.276013E-01  4.901484E-02
         8   9  2.245615E+00 -4.843121E-02  1.788972E-01  2.502026E-02 -1.361958E-01  1.123240E-01
         8  10 -2.044623E+00  4.573481E-03  1.285631E-02 -4.744861E-14 -8.796574E-02 -9.214815E-15
         8  11 -2.148467E+00  3.347443E-02 -8.193320E-02 -4.160232E-14 -7.966949E-02 -1.608480E-14
         8  12 -2.261138E+00  4.177851E-02 -1.855499E-01 -4.078884E-14 -9.094888E-02 -2.853232E-14
         8  13  2.532380E-14 -2.018039E-14 -9.841100E-15 -7.295129E-15 -6.499554E-02  1.331428E-15
         8  14  2.564050E-14 -2.208676E-14 -7.471971E-15  1.315722E-15 -5.669929E-02  5.888705E-15
         8  15  2.633135E-14 -1.810310E-14 -1.033867E-14  1.830873E-15 -6.797868E-02 -1.692397E-14
         8  16  2.044623E+00 -4.573481E-03 -1.285631E-02  8.058488E-15 -8.796574E-02  1.552190E-15
         8  17  2.148467E+00 -3.347443E-02  8.193320E-02  1.195269E-14 -7.966949E-02  2.441781E-14
         8  18  2.261138E+00 -4.177851E-02  1.855499E-01  5.161413E-15 -9.094888E-02  4.228540E-16
         8  19 -2.029100E+00  1.122618E-02  1.950901E-02  2.148765E-02 -1.385824E-01  1.042277E-02
         8  20 -2.132944E+00  4.012714E-02 -7.528050E-02  2.325396E-02 -1.276013E-01 -4.901484E-02
         8  21 -2.245615E+00  4.843121E-02 -1.788972E-01  2.502026E-02 -1.361958E-01 -1.123240E-01
         8  22 -9.077439E-13 -4.598535E-14 -1.068188E-13 -3.884319E-15 -1.156122E-01  1.042277E-02
         8  23 -9.427666E-13 -6.585874E-14 -1.289797E-13  1.491819E-15 -1.046311E-01 -4.901484E-02
         8  24 -9.579835E-13 -5.990576E-14 -1.100579E-13 -1.147751E-15 -1.132256E-01 -1.123240E-01
         8  25  2.029100E+00 -1.122618E-02 -1.950901E-02 -2.148765E-02 -1.385824E-01  1.042277E-02
         8  26  2.132944E+00 -4.012714E-02  7.528050E-02 -2.325396E-02 -1.276013E-01 -4.901484E-02
         8  27  2.245615E+00 -4.843121E-02  1.788972E-01 -2.502026E-02 -1.361958E-01 -1.123240E-01
         9   1 -2.245615E+00  4.843177E-02 -1.788972E-01  2.502013E-02  1.361955E-01  1.123241E-01
         9   2 -2.132943E+00  4.012817E-02 -7.528125E-02  2.325344E-02  1.276011E-01  4.901523E-02
         9   3 -2.029100E+00  1.122635E-02  1.950688E-02  2.148675E-02  1.385823E-01 -1.042178E-02
         9   4  9.787998E-13 -6.425541E-15 -7.120935E-15  1.285069E-14  1.132257E-01  1.123241E-01
         9   5  9.527620E-13  8.138510E-15  2.643532E-14  1.079130E-14  1.046312E-01  4.901523E-02
         9   6  9.530134E-13  4.153891E-14  1.308056E-13  1.634984E-14  1.156124E-01 -1.042178E-02
         9   7  2.245615E+00 -4.843177E-02  1.788972E-01 -2.502013E-02  1.361955E-01  1.123241E-01
         9   8  2.132943E+00 -4.012817E-02  7.528125E-02 -2.325344E-02  1.276011E-01  4.901523E-02
         9   9  2.029100E+00 -1.122635E-02 -1.950688E-02 -2.148675E-02  1.385823E-01 -1.042178E-02
         9  10 -2.261139E+00  4.177841E-02 -1.855506E-01 -4.738243E-14  9.094897E-02 -1.035212E-14
         9  11 -2.148468E+00  3.347481E-02 -8.193461E-02 -4.108129E-14  7.966939E-02  3.105968E-14
         9  12 -2.044624E+00  4.572990E-03  1.285352E-02 -2.613389E-14  8.796553E-02  2.224961E-14
         9  13  2.424158E-15 -2.341183E-14 -2.906455E-14  1.264746E-14  6.797910E-02 -1.130483E-14
         9  14  1.281652E-14  8.409970E-15  3.482825E-14  1.109707E-14  5.669952E-02  5.159761E-15
         9  15  2.658699E-15  1.188985E-14  5.915065E-14  1.758193E-14  6.499566E-02  2.370324E-14
         9  16  2.261139E+00 -4.177841E-02  1.855506E-01  5.422452E-14  9.094897E-02 -2.534381E-14
         9  17  2.148468E+00 -3.347481E-02  8.193461E-02  5.213032E-14  7.966939E-02 -1.913006E-14
         9  18  2.044624E+00 -4.572990E-03 -1.285352E-02  5.513671E-14  8.796553E-02  2.009229E-14
         9  19 -2.245615E+00  4.843177E-02 -1.788972E-01 -2.502013E-02  1.361955E-01 -1.123241E-01
         9  20 -2.132943E+00  4.012817E-02 -7.528125E-02 -2.325344E-02  1.276011E-01 -4.901523E-02
         9  21 -2.029100E+00  1.122635E-02  1.950688E-02 -2.148675E-02  1.385823E-01  1.042178E-02
         9  22 -9.661969E-13 -4.356915E-14 -6.955529E-14  1.131454E-14  1.132257E-01 -1.123241E-01
         9  23 -9.112334E-13  1.356843E-14  4.376389E-14  1.037035E-14  1.046312E-01 -4.901523E-02
         9  24 -8.997274E-13  1.954556E-14  6.395049E-14  1.739305E-14  1.156124E-01  1.042178E-02
         9  25  2.245615E+00 -4.843177E-02  1.788972E-01  2.502013E-02  1.361955E-01 -1.123241E-01
         9  26  2.132943E+00 -4.012817E-02  7.528125E-02  2.325344E-02  1.276011E-01 -4.901523E-02
         9  27  2.029100E+00 -1.122635E-02 -1.950688E-02  2.148675E-02  1.385823E-01  1.042178E-02
        10   1 -1.966950E+00 -3.542765E-03  3.887702E-02 -4.994245E-03  1.012442E-01 -2.263936E-02
        10   2 -1.862018E+00 -1.053625E-02  1.367204E-02 -3.842797E-03  8.721345E-02 -9.082953E-03
        10   3 -1.752156E+00 -6.026446E-03 -6.602958E-03 -2.691349E-03  9.986305E-02  2.311179E-03
        10   4  9.018294E-13  2.944837E-14  1.285437E-13  1.823747E-14  1.185851E-01 -2.263936E-02
        10   5  8.754753E-13  1.356484E-14  7.318194E-14  1.234517E-14  1.045544E-01 -9.082953E-03
        10   6  8.566381E-13 -4.208630E-15  5.366067E-14  1.791678E-14  1.172040E-01  2.311179E-03
        10   7  1.966950E+00  3.542765E-03 -3.887702E-02  4.994245E-03  1.012442E-01 -2.263936E-02
        10   8  1.862018E+00  1.053625E-02 -1.367204E-02  3.842797E-03  8.721345E-02 -9.082953E-03
        10   9  1.752156E+00  6.026446E-03  6.602958E-03  2.691349E-03  9.986305E-02  2.311179E-03
        10  10 -1.957967E+00  3.072188E-04  4.272701E-02  1.626413E-14  9.787966E-02  1.716533E-14
        10  11 -1.853035E+00 -6.686268E-03  1.752203E-02  2.675952E-14  8.540269E-02  1.113563E-14
        10  12 -1.743172E+00 -2.176463E-03 -2.752975E-03  4.655599E-14  9.960603E-02 -2.985131E-15
        10  13 -6.472755E-15  7.519200E-15  5.154249E-14  2.690655E-14  1.152206E-01  2.768414E-14
        10  14  5.310082E-15 -1.475086E-15  9.688591E-15  1.295940E-14  1.027437E-01  2.156228E-14
        10  15  2.488786E-14 -1.380884E-14 -1.656847E-15  1.056366E-14  1.169470E-01  1.180478E-14
        10  16  1.957967E+00 -3.072188E-04 -4.272701E-02  4.540544E-14  9.787966E-02  2.688940E-14
        10  17  1.853035E+00  6.686268E-03 -1.752203E-02  2.205659E-14  8.540269E-02  1.273060E-16
        10  18  1.743172E+00  2.176463E-03  2.752975E-03  1.254861E-14  9.960603E-02 -6.879975E-15
        10  19 -1.966950E+00 -3.542765E-03  3.887702E-02  4.994245E-03  1.012442E-01  2.263936E-02
        10  20 -1.862018E+00 -1.053625E-02  1.367204E-02  3.842797E-03  8.721345E-02  9.082953E-03
        10  21 -1.752156E+00 -6.026446E-03 -6.602958E-03  2.691349E-03  9.986305E-02 -2.311179E-03
        10  22 -8.980947E-13  7.726303E-15  3.172271E-14  3.212784E-14  1.185851E-01  2.263936E-02
        10  23 -8.550419E-13 -1.964166E-15 -1.518922E-14  9.865459E-15  1.045544E-01  9.082953E-03
        10  24 -8.136076E-13 -2.468968E-14 -5.475732E-14 -6.083567E-16  1.172040E-01 -2.311179E-03
        10  25  1.966950E+00  3.542765E-03 -3.887702E-02 -4.994245E-03  1.012442E-01  2.263936E-02
        10  26  1.862018E+00  1.053625E-02 -1.367204E-02 -3.842797E-03  8.721345E-02  9.082953E-03
        10  27  1.752156E+00  6.026446E-03  6.602958E-03 -2.691349E-03  9.986305E-02 -2.311179E-03
        11   1 -1.677738E+00  2.225058E-03 -6.114201E-03  4.231232E-03  1.070107E-01  4.352375E-03
        11   2 -1.569546E+00  2.427956E-03 -2.556351E-03  3.719158E-03  9.474523E-02  1.698702E-03
        11   3 -1.462519E+00 -9.029714E-05 -1.647090E-04  3.207083E-03  1.074075E-01 -4.434755E-04
        11   4  7.802685E-13 -3.120901E-14  2.264967E-14  1.759964E-14  1.162109E-01  4.352375E-03
        11   5  7.297271E-13 -3.903779E-14 -2.474471E-14  1.793814E-14  1.039454E-01  1.698702E-03
        11   6  6.984635E-13 -4.357200E-14 -1.591760E-14  2.769929E-14  1.166077E-01 -4.434755E-04
        11   7  1.677738E+00 -2.225058E-03  6.114201E-03 -4.231232E-03  1.070107E-01  4.352375E-03
        11   8  1.569546E+00 -2.427956E-03  2.556351E-03 -3.719158E-03  9.474523E-02  1.698702E-03
        11   9  1.462519E+00  9.029714E-05  1.647090E-04 -3.207083E-03  1.074075E-01 -4.434755E-04
        11  10 -1.680319E+00  1.118955E-03 -7.220304E-03  7.624837E-14  9.793595E-02 -7.592203E-15
        11  11 -1.572126E+00  1.321853E-03 -3.662454E-03  6.245245E-14  8.522411E-02  1.078463E-14
        11  12 -1.465100E+00 -1.196400E-03 -1.270812E-03  6.449073E-14  9.743996E-02  8.021187E-15
        11  13 -7.376088E-15 -2.432595E-14 -3.818550E-15  2.905514E-14  1.071362E-01  7.336436E-15
        11  14 -1.977455E-15 -5.891128E-15  1.471561E-14  2.606844E-14  9.442433E-02 -1.992985E-15
        11  15 -1.252788E-14 -1.719083E-14  1.456414E-14  3.228446E-14  1.066402E-01  1.389813E-14
        11  16  1.680319E+00 -1.118955E-03  7.220304E-03 -7.307014E-15  9.793595E-02 -9.195669E-15
        11  17  1.572126E+00 -1.321853E-03  3.662454E-03 -1.449184E-14  8.522411E-02 -1.131186E-14
        11  18  1.465100E+00  1.196400E-03  1.270812E-03 -1.615497E-14  9.743996E-02  1.717122E-14
        11  19 -1.677738E+00  2.225058E-03 -6.114201E-03 -4.231232E-03  1.070107E-01 -4.352375E-03
        11  20 -1.569546E+00  2.427956E-03 -2.556351E-03 -3.719158E-03  9.474523E-02 -1.698702E-03
        11  21 -1.462519E+00 -9.029714E-05 -1.647090E-04 -3.207083E-03  1.074075E-01  4.434755E-04
        11  22 -7.859622E-13 -1.920242E-14 -4.517328E-14  3.673901E-14  1.162109E-01 -4.352375E-03
        11  23 -7.525729E-13 -4.949781E-16 -1.958313E-14  2.911767E-14  1.039454E-01 -1.698702E-03
        11  24 -7.299587E-13 -8.298037E-15 -6.957465E-15  3.167636E-14  1.166077E-01  4.434755E-04
        11  25  1.677738E+00 -2.225058E-03  6.114201E-03  4.231232E-03  1.070107E-01 -4.352375E-03
        11  26  1.569546E+00 -2.427956E-03  2.556351E-03  3.719158E-03  9.474523E-02 -1.698702E-03
        11  27  1.462519E+00  9.029714E-05  1.647090E-04  3.207083E-03  1.074075E-01  4.434755E-04
        12   1 -1.393210E+00  1.103546E-03  2.708752E-03  1.770358E-03  1.060867E-01 -8.148352E-04
        12   2 -1.285802E+00 -6.270012E-04  5.625577E-04  1.937472E-03  9.338930E-02 -3.691430E-04
        12   3 -1.178076E+00 -1.614615E-03 -1.265237E-03  2.104587E-03  1.059704E-01 -6.309996E-05
        12   4  7.042684E-13 -4.188560E-14 -2.612158E-14  8.074263E-15  1.168399E-01 -8.148352E-04
        12   5  6.361886E-13 -5.624763E-14 -6.793031E-14  4.053274E-15  1.041425E-01 -3.691430E-04
        12   6  6.216825E-13 -1.830594E-14  2.127950E-14  1.796012E-14  1.167236E-01 -6.309996E-05
        12   7  1.393210E+00 -1.103546E-03 -2.708752E-03 -1.770358E-03  1.060867E-01 -8.148352E-04
        12   8  1.285802E+00  6.270012E-04 -5.625577E-04 -1.937472E-03  9.338930E-02 -3.691430E-04
        12   9  1.178076E+00  1.614615E-03  1.265237E-03 -2.104587E-03  1.059704E-01 -6.309996E-05
        12  10 -1.392453E+00  1.427794E-03  3.033000E-03  8.391367E-14  9.771334E-02  1.521054E-14
        12  11 -1.285045E+00 -3.027534E-04  8.868056E-04  6.567210E-14  8.514682E-02 -3.282273E-15
        12  12 -1.177319E+00 -1.290367E-03 -9.409888E-04  6.232451E-14  9.785874E-02 -3.637369E-14
        12  13  1.367789E-14 -9.315879E-15  2.407685E-14  2.334805E-14  1.084665E-01  6.706911E-15
        12  14 -1.019087E-15 -1.077001E-14  5.001363E-15  1.436941E-14  9.590003E-02 -6.478771E-15
        12  15 -9.559855E-15 -8.988364E-15  8.391035E-16  2.094082E-14  1.086119E-01 -2.559722E-14
        12  16  1.392453E+00 -1.427794E-03 -3.033000E-03 -2.644893E-14  9.771334E-02  9.371562E-15
        12  17  1.285045E+00  3.027534E-04 -8.868056E-04 -2.439986E-14  8.514682E-02 -1.430999E-14
        12  18  1.177319E+00  1.290367E-03  9.409888E-04 -1.039067E-14  9.785874E-02 -1.729489E-14
        12  19 -1.393210E+00  1.103546E-03  2.708752E-03 -1.770358E-03  1.060867E-01  8.148352E-04
        12  20 -1.285802E+00 -6.270012E-04  5.625577E-04 -1.937472E-03  9.338930E-02  3.691430E-04
        12  21 -1.178076E+00 -1.614615E-03 -1.265237E-03 -2.104587E-03  1.059704E-01  6.309996E-05
        12  22 -7.274964E-13 -1.723881E-14 -9.968254E-15  3.472735E-14  1.168399E-01  8.148352E-04
        12  23 -6.866299E-13 -4.801587E-15 -5.361252E-15  1.905710E-14  1.041425E-01  3.691430E-04
        12  24 -6.617113E-13 -1.397791E-14 -4.653083E-14  1.988147E-14  1.167236E-01  6.309996E-05
        12  25  1.393210E+00 -1.103546E-03 -2.708752E-03  1.770358E-03  1.060867E-01  8.148352E-04
        12  26  1.285802E+00  6.270012E-04 -5.625577E-04  1.937472E-03  9.338930E-02  3.691430E-04
        12  27  1.178076E+00  1.614615E-03  1.265237E-03  2.104587E-03  1.059704E-01  6.309996E-05
        13   1 -1.107055E+00  1.601241E-03  1.287793E-03  2.108598E-03  1.059599E-01  6.429429E-05
        13   2 -9.993351E-01  6.081503E-04 -6.046787E-04  1.955415E-03  9.337387E-02  3.730922E-04
        13   3 -8.919218E-01 -1.101215E-03 -2.804125E-03  1.802231E-03  1.060697E-01  8.165282E-04
        13   4  6.194453E-13 -6.302375E-16  4.476599E-14  2.751958E-14  1.167326E-01  6.429429E-05
        13   5  5.485510E-13 -7.876663E-15 -9.982570E-15  1.328262E-14  1.041465E-01  3.730922E-04
        13   6  4.927174E-13  1.318768E-15 -4.994404E-14  1.746697E-14  1.168424E-01  8.165282E-04
        13   7  1.107055E+00 -1.601241E-03 -1.287793E-03 -2.108598E-03  1.059599E-01  6.429429E-05
        13   8  9.993351E-01 -6.081503E-04  6.046787E-04 -1.955415E-03  9.337387E-02  3.730922E-04
        13   9  8.919218E-01  1.101215E-03  2.804125E-03 -1.802231E-03  1.060697E-01  8.165282E-04
        13  10 -1.107770E+00  1.295095E-03  9.816469E-04  5.027656E-14  9.785409E-02 -4.108900E-14
        13  11 -1.000049E+00  3.020046E-04 -9.108244E-04  3.565856E-14  8.514449E-02 -3.163248E-15
        13  12 -8.926361E-01 -1.407361E-03 -3.110271E-03  4.011972E-14  9.771681E-02  6.046509E-15
        13  13 -1.009630E-17 -3.307440E-15  1.038886E-14  3.322289E-14  1.086267E-01 -2.679300E-14
        13  14 -6.461216E-15 -6.684028E-15  1.748488E-15  2.679185E-14  9.591714E-02 -1.306653E-15
        13  15 -2.456306E-14 -1.590041E-14 -3.988784E-14  3.800763E-14  1.084895E-01 -1.114274E-14
        13  16  1.107770E+00 -1.295095E-03 -9.816469E-04  9.170692E-15  9.785409E-02  2.349819E-16
        13  17  1.000049E+00 -3.020046E-04  9.108244E-04  7.395631E-15  8.514449E-02 -1.301531E-14
        13  18  8.926361E-01  1.407361E-03  3.110271E-03  2.448050E-14  9.771681E-02 -2.307813E-14
        13  19 -1.107055E+00  1.601241E-03  1.287793E-03 -2.108598E-03  1.059599E-01 -6.429429E-05
        13  20 -9.993351E-01  6.081503E-04 -6.046787E-04 -1.955415E-03  9.337387E-02 -3.730922E-04
        13  21 -8.919218E-01 -1.101215E-03 -2.804125E-03 -1.802231E-03  1.060697E-01 -8.165282E-04
        13  22 -6.181977E-13 -1.816878E-14 -6.568458E-14  2.584395E-14  1.167326E-01 -6.429429E-05
        13  23 -5.697451E-13 -2.497447E-14 -4.322941E-14  2.807613E-14  1.041465E-01 -3.730922E-04
        13  24 -4.989842E-13 -8.826131E-15  8.101896E-15  4.734311E-14  1.168424E-01 -8.165282E-04
        13  25  1.107055E+00 -1.601241E-03 -1.287793E-03  2.108598E-03  1.059599E-01 -6.429429E-05
        13  26  9.993351E-01 -6.081503E-04  6.046787E-04  1.955415E-03  9.337387E-02 -3.730922E-04
        13  27  8.919218E-01  1.101215E-03  2.804125E-03  1.802231E-03  1.060697E-01 -8.165282E-04
        14   1 -8.224517E-01  2.177876E-04  1.945210E-04  3.181475E-03  1.074404E-01  4.295511E-04
        14   2 -7.153684E-01 -2.253809E-03  2.813613E-03  3.573724E-03  9.481050E-02 -1.729081E-03
        14   3 -6.072310E-01 -2.265718E-03  6.486857E-03  3.965974E-03  1.071024E-01 -4.350060E-03
        14   4  4.667217E-13  6.613553E-15 -5.295251E-14  3.075016E-14  1.165782E-01  4.295511E-04
        14   5  4.031594E-13 -1.586339E-15 -3.605977E-14  2.279756E-14  1.039483E-01 -1.729081E-03
        14   6  3.279880E-13 -1.758117E-14 -3.583872E-14  3.754455E-14  1.162402E-01 -4.350060E-03
        14   7  8.224517E-01 -2.177876E-04 -1.945210E-04 -3.181475E-03  1.074404E-01  4.295511E-04
        14   8  7.153684E-01  2.253809E-03 -2.813613E-03 -3.573724E-03  9.481050E-02 -1.729081E-03
        14   9  6.072310E-01  2.265718E-03 -6.486857E-03 -3.965974E-03  1.071024E-01 -4.350060E-03
        14  10 -8.202531E-01  1.160047E-03  1.136780E-03  3.795663E-14  9.745825E-02  1.045071E-14
        14  11 -7.131698E-01 -1.311550E-03  3.755873E-03  2.802738E-14  8.520863E-02 -1.182686E-15
        14  12 -6.050324E-01 -1.323459E-03  7.429117E-03  4.445748E-14  9.788077E-02 -8.593820E-15
        14  13  6.643253E-15  5.410180E-16 -2.345900E-14  4.104200E-14  1.065961E-01 -3.044066E-14
        14  14  7.128760E-15  4.227998E-15  7.676073E-15  2.810719E-14  9.434645E-02  4.118362E-16
        14  15 -2.433000E-15 -4.856030E-15  3.861106E-15  3.693837E-14  1.070186E-01  2.040494E-14
        14  16  8.202531E-01 -1.160047E-03 -1.136780E-03  4.414338E-14  9.745825E-02 -1.013661E-14
        14  17  7.131698E-01  1.311550E-03 -3.755873E-03  3.771541E-14  8.520863E-02  1.624934E-14
        14  18  6.050324E-01  1.323459E-03 -7.429117E-03  4.468196E-14  9.788077E-02 -4.106921E-17
        14  19 -8.224517E-01  2.177876E-04  1.945210E-04 -3.181475E-03  1.074404E-01 -4.295511E-04
        14  20 -7.153684E-01 -2.253809E-03  2.813613E-03 -3.573724E-03  9.481050E-02  1.729081E-03
        14  21 -6.072310E-01 -2.265718E-03  6.486857E-03 -3.965974E-03  1.071024E-01  4.350060E-03
        14  22 -4.750605E-13 -9.651334E-15  1.396416E-14  4.588515E-14  1.165782E-01 -4.295511E-04
        14  23 -4.263864E-13 -1.539278E-14  4.075708E-15  2.701445E-14  1.039483E-01  1.729081E-03
        14  24 -3.700499E-13 -1.401915E-14  7.870100E-15  3.071430E-14  1.162402E-01  4.350060E-03
        14  25  8.224517E-01 -2.177876E-04 -1.945210E-04  3.181475E-03  1.074404E-01 -4.295511E-04
        14  26  7.153684E-01  2.253809E-03 -2.813613E-03  3.573724E-03  9.481050E-02  1.729081E-03
        14  27  6.072310E-01  2.265718E-03 -6.486857E-03  3.965974E-03  1.071024E-01  4.350060E-03
        15   1 -5.340241E-01  5.058702E-03  6.207078E-03 -2.478966E-03  9.975807E-02 -2.208020E-03
        15   2 -4.245320E-01  9.247502E-03 -1.490932E-02 -2.714245E-03  8.689845E-02  9.258184E-03
        15   3 -3.192279E-01  3.664297E-03 -4.021371E-02 -2.949524E-03  1.007141E-01  2.256123E-02
        15   4  3.051549E-13 -1.608152E-14 -3.992636E-14  3.352937E-14  1.173004E-01 -2.208020E-03
        15   5  2.482268E-13 -1.117314E-14 -4.841720E-14  1.942904E-14  1.044408E-01  9.258184E-03
        15   6  2.121468E-13  1.788866E-14  9.777634E-15  3.117656E-14  1.182565E-01  2.256123E-02
        15   7  5.340241E-01 -5.058702E-03 -6.207078E-03  2.478966E-03  9.975807E-02 -2.208020E-03
        15   8  4.245320E-01 -9.247502E-03  1.490932E-02  2.714245E-03  8.689845E-02  9.258184E-03
        15   9  3.192279E-01 -3.664297E-03  4.021371E-02  2.949524E-03  1.007141E-01  2.256123E-02
        15  10 -5.402425E-01  2.393665E-03  3.542041E-03  4.195686E-14  9.953335E-02 -1.761474E-15
        15  11 -4.307504E-01  6.582466E-03 -1.757435E-02  2.484079E-14  8.559820E-02  1.381490E-14
        15  12 -3.254464E-01  9.992598E-04 -4.287875E-02  3.481870E-14  9.833831E-02 -1.010938E-14
        15  13 -8.113937E-16 -4.337490E-16  1.670264E-14  3.584299E-14  1.170757E-01 -2.187805E-14
        15  14  1.205291E-14  8.055298E-15  2.026262E-14  2.682216E-14  1.031406E-01 -5.883952E-15
        15  15  2.545812E-14  1.652938E-14  3.038394E-14  4.078575E-14  1.158807E-01 -5.502140E-15
        15  16  5.402425E-01 -2.393665E-03 -3.542041E-03  5.237356E-14  9.953335E-02 -9.404073E-15
        15  17  4.307504E-01 -6.582466E-03  1.757435E-02  4.614390E-14  8.559820E-02 -6.560043E-15
        15  18  3.254464E-01 -9.992598E-04  4.287875E-02  5.833288E-14  9.833831E-02  7.336263E-15
        15  19 -5.340241E-01  5.058702E-03  6.207078E-03  2.478966E-03  9.975807E-02  2.208020E-03
        15  20 -4.245320E-01  9.247502E-03 -1.490932E-02  2.714245E-03  8.689845E-02 -9.258184E-03
        15  21 -3.192279E-01  3.664297E-03 -4.021371E-02  2.949524E-03  1.007141E-01 -2.256123E-02
        15  22 -3.170414E-13 -4.903495E-15  1.654626E-14  3.191961E-14  1.173004E-01  2.208020E-03
        15  23 -2.467628E-13 -1.647986E-15  1.512672E-14  2.589127E-14  1.044408E-01 -9.258184E-03
        15  24 -1.708252E-13  3.409809E-15  2.128192E-14  4.217318E-14  1.182565E-01 -2.256123E-02
        15  25  5.340241E-01 -5.058702E-03 -6.207078E-03 -2.478966E-03  9.975807E-02  2.208020E-03
        15  26  4.245320E-01 -9.247502E-03  1.490932E-02 -2.714245E-03  8.689845E-02 -9.258184E-03
        15  27  3.192279E-01 -3.664297E-03  4.021371E-02 -2.949524E-03  1.007141E-01 -2.256123E-02
        16   1 -2.487589E-01 -3.766183E-03 -1.598257E-02  1.859144E-02  1.388960E-01  9.467706E-03
        16   2 -1.407526E-01 -3.049641E-02  8.190166E-02  1.577009E-02  1.291822E-01 -5.011786E-02
        16   3 -3.238932E-02 -5.639379E-02  1.801428E-01  1.294875E-02  1.396454E-01 -1.098600E-01
        16   4  1.602626E-13  9.800168E-15  2.398155E-14  1.780210E-14  1.155463E-01  9.467706E-03
        16   5  9.222466E-14 -2.425884E-14  2.216852E-14  8.463699E-15  1.058324E-01 -5.011786E-02
        16   6  3.716673E-14 -4.772292E-14  5.895666E-14  2.143059E-14  1.162956E-01 -1.098600E-01
        16   7  2.487589E-01  3.766183E-03  1.598257E-02 -1.859144E-02  1.388960E-01  9.467706E-03
        16   8  1.407526E-01  3.049641E-02 -8.190166E-02 -1.577009E-02  1.291822E-01 -5.011786E-02
        16   9  3.238932E-02  5.639379E-02 -1.801428E-01 -1.294875E-02  1.396454E-01 -1.098600E-01
        16  10 -2.536330E-01 -5.855057E-03 -1.807144E-02  5.377741E-14  8.825390E-02 -1.259815E-14
        16  11 -1.456266E-01 -3.258528E-02  7.981279E-02  4.015593E-14  7.769708E-02  4.373167E-14
        16  12 -3.726336E-02 -5.848267E-02  1.780539E-01  5.230853E-14  8.731722E-02  4.193495E-14
        16  13  5.862577E-15  6.016955E-15  1.352497E-14  2.203404E-14  6.490414E-02 -6.546565E-15
        16  14  3.053693E-15  7.399591E-16  4.695634E-15  1.140243E-14  5.434732E-02  2.720148E-15
        16  15 -7.042572E-15 -1.611340E-14 -1.922030E-14  2.116211E-14  6.396746E-02  1.249048E-14
        16  16  2.536330E-01  5.855057E-03  1.807144E-02  6.443905E-14  8.825390E-02  1.022868E-14
        16  17  1.456266E-01  3.258528E-02 -7.981279E-02  5.624349E-14  7.769708E-02 -1.647398E-14
        16  18  3.726336E-02  5.848267E-02 -1.780539E-01  6.534867E-14  8.731722E-02 -4.274489E-14
        16  19 -2.487589E-01 -3.766183E-03 -1.598257E-02 -1.859144E-02  1.388960E-01 -9.467706E-03
        16  20 -1.407526E-01 -3.049641E-02  8.190166E-02 -1.577009E-02  1.291822E-01  5.011786E-02
        16  21 -3.238932E-02 -5.639379E-02  1.801428E-01 -1.294875E-02  1.396454E-01  1.098600E-01
        16  22 -1.494923E-13  1.009303E-15 -7.566150E-17  3.147904E-14  1.155463E-01 -9.467706E-03
        16  23 -9.055577E-14  2.103782E-14 -2.405717E-14  1.916876E-14  1.058324E-01  5.011786E-02
        16  24 -2.802292E-14  4.336896E-14 -2.768085E-14  2.464350E-14  1.162956E-01  1.098600E-01
        16  25  2.487589E-01  3.766183E-03  1.598257E-02  1.859144E-02  1.388960E-01 -9.467706E-03
        16  26  1.407526E-01  3.049641E-02 -8.190166E-02  1.577009E-02  1.291822E-01  5.011786E-02
        16  27  3.238932E-02  5.639379E-02 -1.801428E-01  1.294875E-02  1.396454E-01  1.098600E-01
