
                        S T E P       1


                                INCREMENT     1


 displacements (vx,vy,vz) for set MID and time  0.1000000E+01

        17 -2.077134E-16 -3.686943E-14 -8.058684E-02

 stresses (elem, integ.pnt.,sxx,syy,szz,sxy,sxz,syz) for set MEMBER and time  0.1000000E+01

         1   1 -4.647016E-02  5.906551E-03 -5.566325E-04 -8.208861E-03 -1.160884E-01 -2.340647E-03
         1   2 -1.777303E-01 -5.295956E-03 -3.389327E-03 -6.737140E-03 -1.008444E-01  6.247163E-04
         1   3 -3.028913E-01 -2.267235E-03 -1.229233E-04 -5.265419E-03 -1.179735E-01  6.625121E-04
         1   4 -1.146584E-14 -3.010161E-15 -1.030655E-14 -2.484710E-14 -1.276722E-01 -2.340647E-03
         1   5  3.324724E-14 -1.433444E-15  7.880409E-16 -1.888610E-14 -1.124281E-01  6.247163E-04
         1   6  6.416577E-14 -9.877803E-15 -1.340551E-14 -2.619294E-14 -1.295572E-01  6.625121E-04
         1   7  4.647016E-02 -5.906551E-03  5.566325E-04  8.208861E-03 -1.160884E-01 -2.340647E-03
         1   8  1.777303E-01  5.295956E-03  3.389327E-03  6.737140E-03 -1.008444E-01  6.247163E-04
         1   9  3.028913E-01  2.267235E-03  1.229233E-04  5.265419E-03 -1.179735E-01  6.625121E-04
         1  10 -3.526673E-02  1.070802E-02  4.244836E-03 -4.534270E-13 -1.094923E-01  1.529723E-13
         1  11 -1.665268E-01 -4.944878E-04  1.412142E-03 -4.048082E-13 -9.212754E-02  1.902733E-14
         1  12 -2.916878E-01  2.534234E-03  4.678545E-03 -3.753176E-13 -1.071360E-01  7.864541E-15
         1  13 -3.028513E-14 -2.002304E-15  6.629296E-16 -2.887196E-14 -1.210760E-01  1.465824E-13
         1  14 -2.588242E-14 -2.550756E-15  6.400324E-15 -2.191352E-14 -1.037113E-01  1.398777E-14
         1  15 -2.491111E-14 -5.222187E-15  2.822697E-15 -2.904998E-14 -1.187198E-01 -2.739915E-15
         1  16  3.526673E-02 -1.070802E-02 -4.244836E-03  3.878339E-13 -1.094923E-01  1.406956E-13
         1  17  1.665268E-01  4.944878E-04 -1.412142E-03  3.508451E-13 -9.212754E-02  1.776344E-14
         1  18  2.916878E-01 -2.534234E-03 -4.678545E-03  3.064558E-13 -1.071360E-01  2.123061E-15
         1  19 -4.647016E-02  5.906551E-03 -5.566325E-04  8.208861E-03 -1.160884E-01  2.340647E-03
         1  20 -1.777303E-01 -5.295956E-03 -3.389327E-03  6.737140E-03 -1.008444E-01 -6.247163E-04
         1  21 -3.028913E-01 -2.267235E-03 -1.229233E-04  5.265419E-03 -1.179735E-01 -6.625121E-04
         1  22 -4.741665E-14 -1.491646E-15  8.268767E-15 -2.747329E-14 -1.276722E-01  2.340647E-03
         1  23 -9.352861E-14 -1.355288E-14 -1.242024E-14 -1.898649E-14 -1.124281E-01 -6.247163E-04
         1  24 -1.262250E-13 -1.444764E-14 -1.497307E-14 -2.718681E-14 -1.295572E-01 -6.625121E-04
         1  25  4.647016E-02 -5.906551E-03  5.566325E-04 -8.208861E-03 -1.160884E-01  2.340647E-03
         1  26  1.777303E-01  5.295956E-03  3.389327E-03 -6.737140E-03 -1.008444E-01 -6.247163E-04
         1  27  3.028913E-01  2.267235E-03  1.229233E-04 -5.265419E-03 -1.179735E-01 -6.625121E-04
         2   1 -3.844588E-01 -1.762644E-03 -1.327539E-03 -1.969292E-03 -1.183913E-01  5.557448E-05
         2   2 -5.124314E-01  6.882635E-04  5.418773E-04 -2.500031E-03 -1.017993E-01 -7.720639E-05
         2   3 -6.407301E-01  2.378449E-03  2.085270E-03 -3.030771E-03 -1.181459E-01 -5.349579E-05
         2   4  5.818050E-14 -2.132451E-14 -3.021065E-14 -2.416534E-14 -1.298647E-01  5.557447E-05
         2   5  1.328249E-13 -1.587861E-15 -1.932827E-14 -1.185372E-14 -1.132727E-01 -7.720639E-05
         2   6  1.956572E-13  2.924491E-15 -3.496708E-14 -1.952066E-14 -1.296193E-01 -5.349579E-05
         2   7  3.844588E-01  1.762644E-03  1.327539E-03  1.969292E-03 -1.183913E-01  5.557447E-05
         2   8  5.124314E-01 -6.882635E-04 -5.418773E-04  2.500031E-03 -1.017993E-01 -7.720639E-05
         2   9  6.407301E-01 -2.378449E-03 -2.085270E-03  3.030771E-03 -1.181459E-01 -5.349579E-05
         2  10 -3.859175E-01 -2.387783E-03 -1.952678E-03 -3.689588E-13 -1.070068E-01  1.724441E-14
         2  11 -5.138901E-01  6.312445E-05 -8.326184E-05 -3.670893E-13 -9.069082E-02 -2.944548E-16
         2  12 -6.421887E-01  1.753309E-03  1.460131E-03 -3.759991E-13 -1.073135E-01  1.194880E-14
         2  13 -3.756394E-14 -8.836036E-15 -2.535870E-15 -2.159342E-14 -1.184802E-01  9.065458E-15
         2  14 -2.439586E-14  1.793735E-16 -8.613775E-16 -1.194131E-14 -1.021642E-01  6.008416E-15
         2  15 -1.875014E-14  9.925617E-16 -6.572412E-15 -2.281152E-14 -1.187870E-01  1.232609E-14
         2  16  3.859175E-01  2.387783E-03  1.952678E-03  3.042792E-13 -1.070068E-01  1.540069E-14
         2  17  5.138901E-01 -6.312445E-05  8.326184E-05  3.164440E-13 -9.069082E-02  4.090135E-15
         2  18  6.421887E-01 -1.753309E-03 -1.460131E-03  3.028488E-13 -1.073135E-01 -1.980426E-15
         2  19 -3.844588E-01 -1.762644E-03 -1.327539E-03  1.969292E-03 -1.183913E-01 -5.557447E-05
         2  20 -5.124314E-01  6.882635E-04  5.418773E-04  2.500031E-03 -1.017993E-01  7.720639E-05
         2  21 -6.407301E-01  2.378449E-03  2.085270E-03  3.030771E-03 -1.181459E-01  5.349579E-05
         2  22 -1.465615E-13 -1.231159E-14 -1.493257E-14 -1.552237E-14 -1.298647E-01 -5.557447E-05
         2  23 -1.924261E-13 -8.315522E-15 -5.792143E-15 -9.600338E-15 -1.132727E-01  7.720639E-05
         2  24 -2.254716E-13  3.744867E-15  2.971341E-14 -2.090143E-14 -1.296193E-01  5.349579E-05
         2  25  3.844588E-01  1.762644E-03  1.327539E-03 -1.969292E-03 -1.183913E-01 -5.557447E-05
         2  26  5.124314E-01 -6.882635E-04 -5.418773E-04 -2.500031E-03 -1.017993E-01  7.720639E-05
         2  27  6.407301E-01 -2.378449E-03 -2.085270E-03 -3.030771E-03 -1.181459E-01  5.349579E-05
         3   1 -7.272408E-01 -1.859252E-03 -2.036462E-03 -3.261277E-03 -1.180625E-01 -6.861786E-06
         3   2 -8.554146E-01 -1.222713E-04 -1.008666E-04 -3.187444E-03 -1.016130E-01  4.871980E-06
         3   3 -9.835116E-01  1.793929E-03  1.911537E-03 -3.113611E-03 -1.181039E-01 -2.026225E-05
         3   4  2.248469E-13  4.329907E-15 -3.512709E-14 -2.291640E-14 -1.296348E-01 -6.861786E-06
         3   5  2.721940E-13  1.282369E-14 -5.567687E-15 -1.562726E-14 -1.131853E-01  4.871980E-06
         3   6  3.071421E-13  8.212945E-15  5.096089E-16 -2.626015E-14 -1.296763E-01 -2.026225E-05
         3   7  7.272408E-01  1.859252E-03  2.036462E-03  3.261277E-03 -1.180625E-01 -6.861786E-06
         3   8  8.554146E-01  1.222713E-04  1.008666E-04  3.187444E-03 -1.016130E-01  4.871980E-06
         3   9  9.835116E-01 -1.793929E-03 -1.911537E-03  3.113611E-03 -1.181039E-01 -2.026225E-05
         3  10 -7.269945E-01 -1.753712E-03 -1.930922E-03 -3.652273E-13 -1.073197E-01  1.360749E-14
         3  11 -8.551683E-01 -1.673088E-05  4.673859E-06 -3.612847E-13 -9.082364E-02 -3.648576E-15
         3  12 -9.832653E-01  1.899469E-03  2.017078E-03 -3.653142E-13 -1.072679E-01  3.008735E-15
         3  13 -3.197310E-14 -5.277518E-15 -1.117519E-14 -2.430206E-14 -1.188921E-01  3.690842E-15
         3  14 -3.952459E-14 -5.383627E-15  6.449749E-15 -1.901544E-14 -1.023960E-01 -2.842073E-15
         3  15 -3.794920E-14 -1.434058E-15  3.621179E-14 -2.958363E-14 -1.188403E-01 -1.114555E-15
         3  16  7.269945E-01  1.753712E-03  1.930922E-03  2.892414E-13 -1.073197E-01 -8.163757E-15
         3  17  8.551683E-01  1.673088E-05 -4.673859E-06  3.078009E-13 -9.082364E-02 -5.768843E-15
         3  18  9.832653E-01 -1.899469E-03 -2.017078E-03  3.044553E-13 -1.072679E-01 -2.185189E-15
         3  19 -7.272408E-01 -1.859252E-03 -2.036462E-03  3.261277E-03 -1.180625E-01  6.861786E-06
         3  20 -8.554146E-01 -1.222713E-04 -1.008666E-04  3.187444E-03 -1.016130E-01 -4.871980E-06
         3  21 -9.835116E-01  1.793929E-03  1.911537E-03  3.113611E-03 -1.181039E-01  2.026225E-05
         3  22 -2.848871E-13 -8.507456E-15  3.009192E-14 -2.016312E-14 -1.296348E-01  6.861786E-06
         3  23 -3.400296E-13 -1.457524E-14  3.734309E-14 -1.811283E-14 -1.131853E-01 -4.871980E-06
         3  24 -3.763262E-13 -4.080364E-15  8.847983E-14 -2.751765E-14 -1.296763E-01  2.026225E-05
         3  25  7.272408E-01  1.859252E-03  2.036462E-03 -3.261277E-03 -1.180625E-01  6.861786E-06
         3  26  8.554146E-01  1.222713E-04  1.008666E-04 -3.187444E-03 -1.016130E-01 -4.871980E-06
         3  27  9.835116E-01 -1.793929E-03 -1.911537E-03 -3.113611E-03 -1.181039E-01  2.026225E-05
         4   1 -1.069196E+00 -1.804499E-03 -1.766083E-03 -3.148323E-03 -1.181746E-01 -1.915952E-05
         4   2 -1.197300E+00  1.294280E-04 -7.652916E-05 -3.192414E-03 -1.017002E-01  5.439540E-05
         4   3 -1.325472E+00  1.906466E-03  1.545787E-03 -3.236506E-03 -1.181449E-01  1.602247E-04
         4   4  2.945979E-13  1.793709E-15  1.492070E-14 -4.661694E-14 -1.296523E-01 -1.915952E-05
         4   5  3.733765E-13  3.199769E-14  6.469165E-14 -3.398759E-14 -1.131780E-01  5.439540E-05
         4   6  4.084545E-13  1.852242E-14  2.670322E-14 -3.765895E-14 -1.296226E-01  1.602247E-04
         4   7  1.069196E+00  1.804499E-03  1.766083E-03  3.148323E-03 -1.181746E-01 -1.915952E-05
         4   8  1.197300E+00 -1.294280E-04  7.652916E-05  3.192414E-03 -1.017002E-01  5.439540E-05
         4   9  1.325472E+00 -1.906466E-03 -1.545787E-03  3.236506E-03 -1.181449E-01  1.602247E-04
         4  10 -1.069372E+00 -1.880146E-03 -1.841730E-03 -3.358228E-13 -1.072635E-01 -1.322342E-14
         4  11 -1.197477E+00  5.378106E-05 -1.521761E-04 -3.346268E-13 -9.082259E-02 -3.304556E-14
         4  12 -1.325649E+00  1.830819E-03  1.470140E-03 -3.514563E-13 -1.073007E-01 -3.572491E-15
         4  13 -5.801804E-14 -9.128424E-15  1.970049E-14 -4.018335E-14 -1.187413E-01 -6.252759E-15
         4  14 -4.565796E-14  4.751846E-15  1.958318E-15 -2.876662E-14 -1.023003E-01 -2.692777E-14
         4  15 -5.182103E-14 -1.601382E-15 -5.017909E-14 -3.186386E-14 -1.187784E-01 -4.700290E-15
         4  16  1.069372E+00  1.880146E-03  1.841730E-03  2.870985E-13 -1.072635E-01 -1.965852E-15
         4  17  1.197477E+00 -5.378106E-05  1.521761E-04  2.964492E-13 -9.082259E-02  3.880493E-15
         4  18  1.325649E+00 -1.830819E-03 -1.470140E-03  2.970940E-13 -1.073007E-01 -1.241080E-14
         4  19 -1.069196E+00 -1.804499E-03 -1.766083E-03  3.148323E-03 -1.181746E-01  1.915952E-05
         4  20 -1.197300E+00  1.294280E-04 -7.652916E-05  3.192414E-03 -1.017002E-01 -5.439540E-05
         4  21 -1.325472E+00  1.906466E-03  1.545787E-03  3.236506E-03 -1.181449E-01 -1.602247E-04
         4  22 -3.823993E-13  1.043759E-14  9.759475E-14 -2.315887E-14 -1.296523E-01  1.915952E-05
         4  23 -4.162937E-13  2.256958E-14  4.126049E-14 -1.410574E-14 -1.131780E-01 -5.439540E-05
         4  24 -4.268620E-13  5.993892E-14  5.997340E-14 -1.599249E-14 -1.296226E-01 -1.602247E-04
         4  25  1.069196E+00  1.804499E-03  1.766083E-03 -3.148323E-03 -1.181746E-01  1.915952E-05
         4  26  1.197300E+00 -1.294280E-04  7.652916E-05 -3.192414E-03 -1.017002E-01 -5.439540E-05
         4  27  1.325472E+00 -1.906466E-03 -1.545787E-03 -3.236506E-03 -1.181449E-01 -1.602247E-04
         5   1 -1.411615E+00 -2.170780E-03 -2.173493E-03 -2.892045E-03 -1.178712E-01  1.004378E-04
         5   2 -1.539881E+00 -5.654587E-04  5.188492E-04 -2.748404E-03 -1.014207E-01 -3.180750E-04
         5   3 -1.667867E+00  1.690474E-03  3.490025E-03 -2.604762E-03 -1.179818E-01 -8.704278E-04
         5   4  4.217162E-13  9.421288E-15  4.115883E-15 -3.144832E-14 -1.296826E-01  1.004378E-04
         5   5  4.876770E-13  1.482560E-14 -1.147296E-14 -1.024870E-14 -1.132322E-01 -3.180750E-04
         5   6  5.157514E-13 -1.891371E-14 -1.035339E-13 -1.371193E-14 -1.297932E-01 -8.704278E-04
         5   7  1.411615E+00  2.170780E-03  2.173493E-03  2.892045E-03 -1.178712E-01  1.004378E-04
         5   8  1.539881E+00  5.654587E-04 -5.188492E-04  2.748404E-03 -1.014207E-01 -3.180750E-04
         5   9  1.667867E+00 -1.690474E-03 -3.490025E-03  2.604762E-03 -1.179818E-01 -8.704278E-04
         5  10 -1.410958E+00 -1.889031E-03 -1.891744E-03 -3.760912E-13 -1.073553E-01 -4.869237E-15
         5  11 -1.539223E+00 -2.837098E-04  8.005981E-04 -3.729868E-13 -9.078043E-02 -2.365298E-14
         5  12 -1.667210E+00  1.972223E-03  3.771774E-03 -3.898433E-13 -1.072171E-01  3.376976E-14
         5  13 -3.555876E-14  4.234865E-15 -4.924160E-14 -3.004650E-14 -1.191668E-01 -1.251588E-14
         5  14 -2.478133E-14  8.949147E-15 -1.328775E-14 -1.989434E-14 -1.025919E-01 -2.709166E-14
         5  15 -3.177877E-14 -1.230403E-14 -2.958952E-14 -3.378535E-14 -1.190285E-01  2.103776E-14
         5  16  1.410958E+00  1.889031E-03  1.891744E-03  2.783839E-13 -1.073553E-01 -1.861816E-14
         5  17  1.539223E+00  2.837098E-04 -8.005981E-04  2.916590E-13 -9.078043E-02 -2.294513E-14
         5  18  1.667210E+00 -1.972223E-03 -3.771774E-03  2.796853E-13 -1.072171E-01  1.138029E-14
         5  19 -1.411615E+00 -2.170780E-03 -2.173493E-03  2.892045E-03 -1.178712E-01 -1.004378E-04
         5  20 -1.539881E+00 -5.654587E-04  5.188492E-04  2.748404E-03 -1.014207E-01  3.180750E-04
         5  21 -1.667867E+00  1.690474E-03  3.490025E-03  2.604762E-03 -1.179818E-01  8.704278E-04
         5  22 -4.548809E-13  5.950949E-14  6.068851E-14 -2.833696E-14 -1.296826E-01 -1.004378E-04
         5  23 -5.449149E-13  1.289441E-14  2.538584E-14 -2.994461E-14 -1.132322E-01  3.180750E-04
         5  24 -6.212533E-13 -2.192349E-14  3.223914E-14 -5.382125E-14 -1.297932E-01  8.704278E-04
         5  25  1.411615E+00  2.170780E-03  2.173493E-03 -2.892045E-03 -1.178712E-01 -1.004378E-04
         5  26  1.539881E+00  5.654587E-04 -5.188492E-04 -2.748404E-03 -1.014207E-01  3.180750E-04
         5  27  1.667867E+00 -1.690474E-03 -3.490025E-03 -2.604762E-03 -1.179818E-01  8.704278E-04
         6   1 -1.752531E+00 -5.910908E-04 -5.332141E-04 -4.252431E-03 -1.193995E-01 -5.046547E-04
         6   2 -1.880103E+00  2.635859E-03 -2.716893E-03 -4.767251E-03 -1.028826E-01  1.769025E-03
         6   3 -2.008896E+00  3.016490E-03 -6.120424E-03 -5.282072E-03 -1.189519E-01  4.628232E-03
         6   4  5.210982E-13 -3.398592E-14 -1.014710E-13 -2.890291E-14 -1.295940E-01 -5.046547E-04
         6   5  5.997759E-13  1.455646E-15  2.810681E-14 -2.787941E-14 -1.130771E-01  1.769025E-03
         6   6  6.238867E-13  1.341070E-15  1.609499E-14 -3.839111E-14 -1.291464E-01  4.628232E-03
         6   7  1.752531E+00  5.910908E-04  5.332141E-04  4.252431E-03 -1.193995E-01 -5.046547E-04
         6   8  1.880103E+00 -2.635859E-03  2.716893E-03  4.767251E-03 -1.028826E-01  1.769025E-03
         6   9  2.008896E+00 -3.016490E-03  6.120424E-03  5.282072E-03 -1.189519E-01  4.628232E-03
         6  10 -1.755191E+00 -1.731112E-03 -1.673235E-03 -3.408607E-13 -1.068493E-01  3.303097E-14
         6  11 -1.882763E+00  1.495838E-03 -3.856915E-03 -3.155964E-13 -9.083589E-02  1.059699E-14
         6  12 -2.011556E+00  1.876469E-03 -7.260445E-03 -3.063420E-13 -1.074087E-01  4.394351E-14
         6  13 -4.072827E-14 -1.913849E-14 -1.226797E-14 -5.509762E-14 -1.170437E-01  2.192341E-14
         6  14 -3.710045E-14 -9.943814E-15  1.434703E-14 -4.412968E-14 -1.010304E-01 -4.719046E-15
         6  15 -4.806409E-14  4.063371E-15 -5.373632E-15 -4.591155E-14 -1.176032E-01  1.493217E-14
         6  16  1.755191E+00  1.731112E-03  1.673235E-03  2.476045E-13 -1.068493E-01  2.038946E-14
         6  17  1.882763E+00 -1.495838E-03  3.856915E-03  2.511442E-13 -9.083589E-02  1.979047E-14
         6  18  2.011556E+00 -1.876469E-03  7.260445E-03  2.426812E-13 -1.074087E-01  3.468878E-14
         6  19 -1.752531E+00 -5.910908E-04 -5.332141E-04  4.252431E-03 -1.193995E-01  5.046547E-04
         6  20 -1.880103E+00  2.635859E-03 -2.716893E-03  4.767251E-03 -1.028826E-01 -1.769025E-03
         6  21 -2.008896E+00  3.016490E-03 -6.120424E-03  5.282072E-03 -1.189519E-01 -4.628232E-03
         6  22 -6.245136E-13 -2.670312E-14  2.377935E-14 -6.898637E-14 -1.295940E-01  5.046547E-04
         6  23 -6.940050E-13 -4.034532E-14 -4.242818E-14 -4.986063E-14 -1.130771E-01 -1.769025E-03
         6  24 -7.485608E-13 -2.306002E-14 -9.807854E-14 -4.151807E-14 -1.291464E-01 -4.628232E-03
         6  25  1.752531E+00  5.910908E-04  5.332141E-04 -4.252431E-03 -1.193995E-01  5.046547E-04
         6  26  1.880103E+00 -2.635859E-03  2.716893E-03 -4.767251E-03 -1.028826E-01 -1.769025E-03
         6  27  2.008896E+00 -3.016490E-03  6.120424E-03 -5.282072E-03 -1.189519E-01 -4.628232E-03
         7   1 -2.098804E+00 -6.836081E-03 -7.674723E-03  2.384606E-03 -1.115747E-01  2.500046E-03
         7   2 -2.229380E+00 -1.179100E-02  1.405288E-02  3.468362E-03 -9.508659E-02 -9.695344E-03
         7   3 -2.354647E+00 -4.359778E-03  4.108883E-02  4.552117E-03 -1.131523E-01 -2.443874E-02
         7   4  6.943995E-13  1.864350E-14  2.038282E-14 -8.969605E-15 -1.296841E-01  2.500046E-03
         7   5  7.424508E-13  1.505932E-15  3.107994E-14 -1.155624E-14 -1.131960E-01 -9.695344E-03
         7   6  7.757545E-13 -3.809287E-14  1.211524E-14 -3.253830E-14 -1.312617E-01 -2.443874E-02
         7   7  2.098804E+00  6.836081E-03  7.674723E-03 -2.384606E-03 -1.115747E-01  2.500046E-03
         7   8  2.229380E+00  1.179100E-02 -1.405288E-02 -3.468362E-03 -9.508659E-02 -9.695344E-03
         7   9  2.354647E+00  4.359778E-03 -4.108883E-02 -4.552117E-03 -1.131523E-01 -2.443874E-02
         7  10 -2.089428E+00 -2.817827E-03 -3.656470E-03 -2.754248E-13 -1.096991E-01  4.896666E-14
         7  11 -2.220004E+00 -7.772745E-03  1.807114E-02 -2.481904E-13 -9.143622E-02  1.442605E-14
         7  12 -2.345271E+00 -3.415243E-04  4.510709E-02 -2.317055E-13 -1.077272E-01  2.477769E-14
         7  13 -3.033808E-14  1.550426E-14 -1.583427E-14 -2.709707E-14 -1.278085E-01  2.160127E-14
         7  14 -3.133148E-14  5.341495E-15 -7.796996E-15 -1.778162E-14 -1.095456E-01  6.523841E-15
         7  15 -3.743457E-14 -1.747363E-14 -6.511351E-15 -2.648320E-14 -1.258366E-01  1.616474E-14
         7  16  2.089428E+00  2.817827E-03  3.656470E-03  2.184672E-13 -1.096991E-01  4.197950E-14
         7  17  2.220004E+00  7.772745E-03 -1.807114E-02  2.089481E-13 -9.143622E-02  1.668923E-14
         7  18  2.345271E+00  3.415243E-04 -4.510709E-02  1.761164E-13 -1.077272E-01  6.899094E-15
         7  19 -2.098804E+00 -6.836081E-03 -7.674723E-03 -2.384606E-03 -1.115747E-01 -2.500046E-03
         7  20 -2.229380E+00 -1.179100E-02  1.405288E-02 -3.468362E-03 -9.508659E-02  9.695344E-03
         7  21 -2.354647E+00 -4.359778E-03  4.108883E-02 -4.552117E-03 -1.131523E-01  2.443874E-02
         7  22 -7.264914E-13  5.083193E-15 -1.054273E-13 -3.727074E-14 -1.296841E-01 -2.500046E-03
         7  23 -7.927479E-13 -1.451136E-14 -1.382977E-13 -1.521755E-14 -1.131960E-01  9.695344E-03
         7  24 -8.353801E-13 -1.638236E-14 -1.054006E-13 -1.072604E-14 -1.312617E-01  2.443874E-02
         7  25  2.098804E+00  6.836081E-03  7.674723E-03  2.384606E-03 -1.115747E-01 -2.500046E-03
         7  26  2.229380E+00  1.179100E-02 -1.405288E-02  3.468362E-03 -9.508659E-02  9.695344E-03
         7  27  2.354647E+00  4.359778E-03 -4.108883E-02  4.552117E-03 -1.131523E-01  2.443874E-02
         8   1 -2.431536E+00  1.174080E-02  2.081555E-02 -2.531687E-02 -1.517172E-01 -1.134759E-02
         8   2 -2.555393E+00  4.710649E-02 -7.511763E-02 -2.700010E-02 -1.368063E-01  5.317301E-02
         8   3 -2.689400E+00  5.878912E-02 -1.812007E-01 -2.868333E-02 -1.488253E-01  1.225655E-01
         8   4  7.333959E-13 -6.167418E-14 -1.478183E-14 -3.543729E-14 -1.315761E-01 -1.134759E-02
         8   5  8.117245E-13  5.974406E-15  9.089129E-15 -1.588466E-14 -1.166653E-01  5.317301E-02
         8   6  8.265862E-13  6.991840E-15 -1.113725E-13 -1.032927E-14 -1.286843E-01  1.225655E-01
         8   7  2.431536E+00 -1.174080E-02 -2.081555E-02  2.531687E-02 -1.517172E-01 -1.134759E-02
         8   8  2.555393E+00 -4.710649E-02  7.511763E-02  2.700010E-02 -1.368063E-01  5.317301E-02
         8   9  2.689400E+00 -5.878912E-02  1.812007E-01  2.868333E-02 -1.488253E-01  1.225655E-01
         8  10 -2.448724E+00  4.374700E-03  1.344945E-02 -1.975373E-13 -9.395944E-02  1.227072E-14
         8  11 -2.572581E+00  3.974039E-02 -8.248373E-02 -1.861284E-13 -8.230198E-02 -1.891816E-14
         8  12 -2.706587E+00  5.142303E-02 -1.885668E-01 -1.800794E-13 -9.757429E-02  5.784454E-14
         8  13 -5.860029E-14 -2.873080E-14 -1.481520E-14  8.444960E-16 -7.381842E-02  8.426000E-15
         8  14 -3.156658E-14  2.603666E-15  8.387309E-15  1.036715E-14 -6.216096E-02 -1.688095E-14
         8  15 -1.107926E-14  2.340662E-14  1.792836E-14  5.725441E-15 -7.743326E-02  1.419823E-14
         8  16  2.448724E+00 -4.374700E-03 -1.344945E-02  1.558133E-13 -9.395944E-02  1.709900E-14
         8  17  2.572581E+00 -3.974039E-02  8.248373E-02  1.624036E-13 -8.230198E-02  1.205924E-14
         8  18  2.706587E+00 -5.142303E-02  1.885668E-01  1.466136E-13 -9.757429E-02  1.313324E-14
         8  19 -2.431536E+00  1.174080E-02  2.081555E-02  2.531687E-02 -1.517172E-01  1.134759E-02
         8  20 -2.555393E+00  4.710649E-02 -7.511763E-02  2.700010E-02 -1.368063E-01 -5.317301E-02
         8  21 -2.689400E+00  5.878912E-02 -1.812007E-01  2.868333E-02 -1.488253E-01 -1.225655E-01
         8  22 -9.337881E-13 -6.023358E-14 -1.473669E-13  2.821975E-14 -1.315761E-01  1.134759E-02
         8  23 -9.557233E-13 -6.357131E-14 -1.207964E-13  2.786420E-14 -1.166653E-01 -5.317301E-02
         8  24 -9.270661E-13 -1.987427E-14  2.649098E-14  1.303180E-14 -1.286843E-01 -1.225655E-01
         8  25  2.431536E+00 -1.174080E-02 -2.081555E-02 -2.531687E-02 -1.517172E-01  1.134759E-02
         8  26  2.555393E+00 -4.710649E-02  7.511763E-02 -2.700010E-02 -1.368063E-01 -5.317301E-02
         8  27  2.689400E+00 -5.878912E-02  1.812007E-01 -2.868333E-02 -1.488253E-01 -1.225655E-01
         9   1 -2.689399E+00  5.878974E-02 -1.812007E-01  2.868320E-02  1.488250E-01  1.225656E-01
         9   2 -2.555392E+00  4.710761E-02 -7.511875E-02  2.699951E-02  1.368061E-01  5.317331E-02
         9   3 -2.431536E+00  1.174091E-02  2.081268E-02  2.531582E-02  1.517171E-01 -1.134669E-02
         9   4  7.897065E-13  5.967443E-15 -1.056675E-13 -6.393651E-15  1.286843E-01  1.225656E-01
         9   5  8.039363E-13  3.353248E-14 -1.344023E-14 -3.164172E-15  1.166655E-01  5.317331E-02
         9   6  7.710335E-13  1.046332E-14 -2.952029E-14  9.261509E-15  1.315765E-01 -1.134669E-02
         9   7  2.689399E+00 -5.878974E-02  1.812007E-01 -2.868320E-02  1.488250E-01  1.225656E-01
         9   8  2.555392E+00 -4.710761E-02  7.511875E-02 -2.699951E-02  1.368061E-01  5.317331E-02
         9   9  2.431536E+00 -1.174091E-02 -2.081268E-02 -2.531582E-02  1.517171E-01 -1.134669E-02
         9  10 -2.706589E+00  5.142289E-02 -1.885676E-01 -1.675719E-13  9.757437E-02  5.549261E-14
         9  11 -2.572581E+00  3.974076E-02 -8.248560E-02 -1.519636E-13  8.230182E-02 -8.765830E-15
         9  12 -2.448725E+00  4.374059E-03  1.344582E-02 -1.270690E-13  9.395916E-02  2.096073E-14
         9  13 -6.965391E-14  3.397880E-15 -8.492687E-15  7.778190E-16  7.743374E-02  1.604434E-14
         9  14 -5.738935E-14  1.851479E-14  5.413817E-15  3.845059E-15  6.216119E-02 -2.626998E-14
         9  15 -5.781562E-14  1.806747E-14 -6.232383E-15  1.570246E-14  7.381853E-02  9.931593E-15
         9  16  2.706589E+00 -5.142289E-02  1.885676E-01  1.988472E-13  9.757437E-02  6.743991E-15
         9  17  2.572581E+00 -3.974076E-02  8.248560E-02  2.021096E-13  8.230182E-02  4.993155E-15
         9  18  2.448725E+00 -4.374059E-03 -1.344582E-02  2.121276E-13  9.395916E-02  8.403985E-15
         9  19 -2.689399E+00  5.878974E-02 -1.812007E-01 -2.868320E-02  1.488250E-01 -1.225656E-01
         9  20 -2.555392E+00  4.710761E-02 -7.511875E-02 -2.699951E-02  1.368061E-01 -5.317331E-02
         9  21 -2.431536E+00  1.174091E-02  2.081268E-02 -2.531582E-02  1.517171E-01  1.134669E-02
         9  22 -9.327209E-13 -6.072097E-15  6.842387E-14  1.271447E-14  1.286843E-01 -1.225656E-01
         9  23 -9.298801E-13 -1.067045E-14 -1.179224E-14  1.551506E-14  1.166655E-01 -5.317331E-02
         9  24 -8.953160E-13  1.321670E-14 -1.595787E-14  2.685329E-14  1.315765E-01  1.134669E-02
         9  25  2.689399E+00 -5.878974E-02  1.812007E-01  2.868320E-02  1.488250E-01 -1.225656E-01
         9  26  2.555392E+00 -4.710761E-02  7.511875E-02  2.699951E-02  1.368061E-01 -5.317331E-02
         9  27  2.431536E+00 -1.174091E-02 -2.081268E-02  2.531582E-02  1.517171E-01  1.134669E-02
        10   1 -2.354650E+00 -4.362821E-03  4.108608E-02 -4.550307E-03  1.131541E-01 -2.443806E-02
        10   2 -2.229383E+00 -1.179575E-02  1.405758E-02 -3.464801E-03  9.508819E-02 -9.696998E-03
        10   3 -2.098806E+00 -6.836383E-03 -7.659927E-03 -2.379296E-03  1.115754E-01  2.494789E-03
        10   4  6.553406E-13 -3.222085E-14 -3.790051E-14  1.881095E-14  1.312611E-01 -2.443806E-02
        10   5  6.535208E-13 -1.097139E-14  3.054106E-14  1.907110E-14  1.131952E-01 -9.696998E-03
        10   6  5.706066E-13 -5.844186E-14 -9.964731E-14  3.161296E-14  1.296824E-01  2.494789E-03
        10   7  2.354650E+00  4.362821E-03 -4.108608E-02  4.550307E-03  1.131541E-01 -2.443806E-02
        10   8  2.229383E+00  1.179575E-02 -1.405758E-02  3.464801E-03  9.508819E-02 -9.696998E-03
        10   9  2.098806E+00  6.836383E-03  7.659927E-03  2.379296E-03  1.115754E-01  2.494789E-03
        10  10 -2.345267E+00 -3.415827E-04  4.510731E-02 -8.021072E-14  1.077270E-01  1.583836E-14
        10  11 -2.220000E+00 -7.774512E-03  1.807882E-02 -7.889374E-14  9.143711E-02 -2.650165E-14
        10  12 -2.089423E+00 -2.815145E-03 -3.638689E-03 -6.544205E-14  1.097004E-01  3.597186E-14
        10  13 -7.390688E-14 -9.577894E-16 -2.245940E-14  1.839143E-14  1.258339E-01  1.015059E-14
        10  14 -5.465878E-14 -2.932082E-15  2.825923E-14  1.999414E-14  1.095441E-01  9.209107E-15
        10  15 -7.502677E-14 -3.349068E-14 -2.686317E-14  3.345595E-14  1.278073E-01  2.519180E-14
        10  16  2.345267E+00  3.415827E-04 -4.510731E-02  1.482043E-13  1.077270E-01  2.160781E-14
        10  17  2.220000E+00  7.774512E-03 -1.807882E-02  1.293606E-13  9.143711E-02  2.905588E-14
        10  18  2.089423E+00  2.815145E-03  3.638689E-03  1.218535E-13  1.097004E-01  8.969536E-15
        10  19 -2.354650E+00 -4.362821E-03  4.108608E-02  4.550307E-03  1.131541E-01  2.443806E-02
        10  20 -2.229383E+00 -1.179575E-02  1.405758E-02  3.464801E-03  9.508819E-02  9.696998E-03
        10  21 -2.098806E+00 -6.836383E-03 -7.659927E-03  2.379296E-03  1.115754E-01 -2.494789E-03
        10  22 -8.218849E-13  2.441096E-14 -8.713684E-15  7.861248E-15  1.312611E-01  2.443806E-02
        10  23 -8.231198E-13 -4.309913E-14 -7.487368E-14  1.081878E-14  1.131952E-01  9.696998E-03
        10  24 -7.542323E-13 -2.840314E-14  1.316980E-14  2.458852E-14  1.296824E-01 -2.494789E-03
        10  25  2.354650E+00  4.362821E-03 -4.108608E-02 -4.550307E-03  1.131541E-01  2.443806E-02
        10  26  2.229383E+00  1.179575E-02 -1.405758E-02 -3.464801E-03  9.508819E-02  9.696998E-03
        10  27  2.098806E+00  6.836383E-03  7.659927E-03 -2.379296E-03  1.115754E-01 -2.494789E-03
        11   1 -2.008884E+00  3.030756E-03 -6.106687E-03  5.272677E-03  1.189424E-01  4.624512E-03
        11   2 -1.880086E+00  2.659220E-03 -2.740379E-03  4.750194E-03  1.028739E-01  1.778877E-03
        11   3 -1.752520E+00 -5.878130E-04 -6.064281E-04  4.227712E-03  1.193953E-01 -4.752262E-04
        11   4  5.715873E-13 -4.862800E-14 -9.640894E-14  4.026165E-14  1.291489E-01  4.624512E-03
        11   5  5.512458E-13 -2.065356E-14 -3.046091E-15  2.233767E-14  1.130805E-01  1.778877E-03
        11   6  4.981103E-13 -2.349757E-14  4.707080E-15  2.739978E-14  1.296019E-01 -4.752262E-04
        11   7  2.008884E+00 -3.030756E-03  6.106687E-03 -5.272677E-03  1.189424E-01  4.624512E-03
        11   8  1.880086E+00 -2.659220E-03  2.740379E-03 -4.750194E-03  1.028739E-01  1.778877E-03
        11   9  1.752520E+00  5.878130E-04  6.064281E-04 -4.227712E-03  1.193953E-01 -4.752262E-04
        11  10 -2.011576E+00  1.877104E-03 -7.260339E-03  4.697779E-16  1.074104E-01  3.804355E-14
        11  11 -1.882778E+00  1.505569E-03 -3.894031E-03 -1.430299E-14  9.083239E-02 -1.791144E-14
        11  12 -1.755212E+00 -1.741465E-03 -1.760080E-03 -9.357410E-16  1.068442E-01  1.112719E-14
        11  13 -8.685121E-14 -3.626950E-14 -2.555209E-14  3.584150E-14  1.176169E-01  1.741749E-14
        11  14 -5.695862E-14 -1.121738E-14  1.939163E-14  1.920997E-14  1.010390E-01 -2.076538E-14
        11  15 -4.921726E-14 -3.553168E-15  1.262918E-14  2.524042E-14  1.170508E-01  1.048801E-14
        11  16  2.011576E+00 -1.877104E-03  7.260339E-03  7.778973E-14  1.074104E-01 -1.875579E-14
        11  17  1.882778E+00 -1.505569E-03  3.894031E-03  6.748600E-14  9.083239E-02 -3.465971E-14
        11  18  1.755212E+00  1.741465E-03  1.760080E-03  7.682594E-14  1.068442E-01 -9.074390E-15
        11  19 -2.008884E+00  3.030756E-03 -6.106687E-03 -5.272677E-03  1.189424E-01 -4.624512E-03
        11  20 -1.880086E+00  2.659220E-03 -2.740379E-03 -4.750194E-03  1.028739E-01 -1.778877E-03
        11  21 -1.752520E+00 -5.878130E-04 -6.064281E-04 -4.227712E-03  1.193953E-01  4.752262E-04
        11  22 -7.527105E-13 -3.164821E-14  2.652720E-14  2.893852E-14  1.291489E-01 -4.624512E-03
        11  23 -6.948719E-13 -2.895875E-14 -1.935005E-14  1.363693E-14  1.130805E-01 -1.778877E-03
        11  24 -6.003696E-13  1.230135E-14  1.070605E-14  2.226813E-14  1.296019E-01  4.752262E-04
        11  25  2.008884E+00 -3.030756E-03  6.106687E-03  5.272677E-03  1.189424E-01 -4.624512E-03
        11  26  1.880086E+00 -2.659220E-03  2.740379E-03  4.750194E-03  1.028739E-01 -1.778877E-03
        11  27  1.752520E+00  5.878130E-04  6.064281E-04  4.227712E-03  1.193953E-01  4.752262E-04
        12   1 -1.667919E+00  1.625977E-03  3.425549E-03  2.651665E-03  1.180317E-01 -8.511981E-04
        12   2 -1.539959E+00 -6.783659E-04  6.379302E-04  2.827031E-03  1.014674E-01 -3.752903E-04
        12   3 -1.411662E+00 -2.196946E-03 -1.812933E-03  3.002398E-03  1.178975E-01 -6.102522E-05
        12   4  4.988618E-13 -6.692900E-15  2.242532E-14  2.514853E-14  1.297833E-01 -8.511981E-04
        12   5  4.660614E-13  1.218791E-14  4.244072E-14  2.027573E-14  1.132190E-01 -3.752903E-04
        12   6  4.321429E-13  2.371634E-14  4.710781E-14  2.490908E-14  1.296491E-01 -6.102522E-05
        12   7  1.667919E+00 -1.625977E-03 -3.425549E-03 -2.651665E-03  1.180317E-01 -8.511981E-04
        12   8  1.539959E+00  6.783659E-04 -6.379302E-04 -2.827031E-03  1.014674E-01 -3.752903E-04
        12   9  1.411662E+00  2.196946E-03  1.812933E-03 -3.002398E-03  1.178975E-01 -6.102522E-05
        12  10 -1.667121E+00  1.967792E-03  3.767364E-03  1.509848E-14  1.072060E-01  2.015652E-14
        12  11 -1.539161E+00 -3.365515E-04  9.797446E-04  1.895843E-15  9.079266E-02 -4.265913E-14
        12  12 -1.410865E+00 -1.855132E-03 -1.471119E-03 -2.974023E-15  1.073737E-01 -3.839704E-15
        12  13 -2.875904E-14 -6.970424E-16 -1.452889E-14  2.481096E-14  1.189576E-01  9.852790E-15
        12  14 -4.365832E-14 -3.717833E-15 -2.559697E-14  2.153301E-14  1.025443E-01  1.849374E-15
        12  15 -2.880383E-14  1.616517E-14  1.826514E-14  2.963700E-14  1.191253E-01 -1.388492E-14
        12  16  1.667121E+00 -1.967792E-03 -3.767364E-03  4.143126E-14  1.072060E-01  1.366230E-14
        12  17  1.539161E+00  3.365515E-04 -9.797446E-04  4.835056E-14  9.079266E-02  3.004896E-14
        12  18  1.410865E+00  1.855132E-03  1.471119E-03  6.684975E-14  1.073737E-01 -4.813691E-15
        12  19 -1.667919E+00  1.625977E-03  3.425549E-03 -2.651665E-03  1.180317E-01  8.511981E-04
        12  20 -1.539959E+00 -6.783659E-04  6.379302E-04 -2.827031E-03  1.014674E-01  3.752903E-04
        12  21 -1.411662E+00 -2.196946E-03 -1.812933E-03 -3.002398E-03  1.178975E-01  6.102522E-05
        12  22 -5.308272E-13  2.770447E-14 -2.943219E-15  1.708284E-14  1.297833E-01  8.511981E-04
        12  23 -5.377711E-13 -1.185002E-14 -8.377445E-14  1.502063E-14  1.132190E-01  3.752903E-04
        12  24 -4.656303E-13  3.086999E-14  3.926649E-14  2.631876E-14  1.296491E-01  6.102522E-05
        12  25  1.667919E+00 -1.625977E-03 -3.425549E-03  2.651665E-03  1.180317E-01  8.511981E-04
        12  26  1.539959E+00  6.783659E-04 -6.379302E-04  2.827031E-03  1.014674E-01  3.752903E-04
        12  27  1.411662E+00  2.196946E-03  1.812933E-03  3.002398E-03  1.178975E-01  6.102522E-05
        13   1 -1.325263E+00  2.182705E-03  1.839347E-03  3.006722E-03  1.178868E-01  6.291920E-05
        13   2 -1.196973E+00  6.576613E-04 -6.838232E-04  2.846994E-03  1.014506E-01  3.794979E-04
        13   3 -1.069008E+00 -1.624754E-03 -3.531581E-03  2.687266E-03  1.180132E-01  8.518789E-04
        13   4  3.717163E-13 -3.363546E-16  6.110861E-15  3.047408E-14  1.296582E-01  6.291920E-05
        13   5  3.538735E-13 -5.481980E-15 -3.636105E-14  2.210701E-14  1.132221E-01  3.794979E-04
        13   6  3.558880E-13  2.229673E-14 -4.200902E-14  1.509157E-14  1.297846E-01  8.518789E-04
        13   7  1.325263E+00 -2.182705E-03 -1.839347E-03 -3.006722E-03  1.178868E-01  6.291920E-05
        13   8  1.196973E+00 -6.576613E-04  6.838232E-04 -2.846994E-03  1.014506E-01  3.794979E-04
        13   9  1.069008E+00  1.624754E-03  3.531581E-03 -2.687266E-03  1.180132E-01  8.518789E-04
        13  10 -1.326014E+00  1.860823E-03  1.517465E-03  4.204152E-15  1.073694E-01  4.053760E-15
        13  11 -1.197724E+00  3.357797E-04 -1.005705E-03  1.769725E-15  9.079109E-02  2.379097E-15
        13  12 -1.069759E+00 -1.946636E-03 -3.853463E-03 -3.886257E-15  1.072115E-01  1.239700E-14
        13  13 -3.303797E-14  1.340059E-14  2.826116E-14  2.786963E-14  1.191409E-01 -1.894648E-14
        13  14 -5.002921E-14 -9.826233E-15 -1.226457E-14  2.676201E-14  1.025625E-01  3.962334E-15
        13  15 -5.435527E-14 -9.338987E-15 -3.903049E-14  2.731565E-14  1.189829E-01  1.598840E-14
        13  16  1.326014E+00 -1.860823E-03 -1.517465E-03  4.171123E-14  1.073694E-01 -1.302644E-14
        13  17  1.197724E+00 -3.357797E-04  1.005705E-03  3.244111E-14  9.079109E-02 -3.233696E-14
        13  18  1.069759E+00  1.946636E-03  3.853463E-03  3.867105E-14  1.072115E-01 -1.697415E-14
        13  19 -1.325263E+00  2.182705E-03  1.839347E-03 -3.006722E-03  1.178868E-01 -6.291920E-05
        13  20 -1.196973E+00  6.576613E-04 -6.838232E-04 -2.846994E-03  1.014506E-01 -3.794979E-04
        13  21 -1.069008E+00 -1.624754E-03 -3.531581E-03 -2.687266E-03  1.180132E-01 -8.518789E-04
        13  22 -4.164684E-13  4.587876E-14  9.089128E-14  1.881282E-14  1.296582E-01 -6.291920E-05
        13  23 -4.450082E-13 -6.666302E-15  2.814442E-14  2.480027E-14  1.132221E-01 -3.794979E-04
        13  24 -4.160148E-13  6.253544E-15  7.273623E-14  3.131551E-14  1.297846E-01 -8.518789E-04
        13  25  1.325263E+00 -2.182705E-03 -1.839347E-03  3.006722E-03  1.178868E-01 -6.291920E-05
        13  26  1.196973E+00 -6.576613E-04  6.838232E-04  2.846994E-03  1.014506E-01 -3.794979E-04
        13  27  1.069008E+00  1.624754E-03  3.531581E-03  2.687266E-03  1.180132E-01 -8.518789E-04
        14   1 -9.842316E-01  7.238346E-04  6.355310E-04  4.201803E-03  1.194278E-01  4.583662E-04
        14   2 -8.566059E-01 -2.471963E-03  3.016079E-03  4.592362E-03  1.029450E-01 -1.812119E-03
        14   3 -7.278659E-01 -3.067895E-03  6.510854E-03  4.982921E-03  1.190445E-01 -4.617433E-03
        14   4  3.318084E-13  1.983895E-14 -5.815257E-14  2.062136E-14  1.295725E-01  4.583662E-04
        14   5  2.881493E-13  9.551577E-15 -3.449208E-14  1.257076E-14  1.130897E-01 -1.812119E-03
        14   6  2.661144E-13  2.481798E-14  4.281050E-14  2.408910E-14  1.291892E-01 -4.617433E-03
        14   7  9.842316E-01 -7.238346E-04 -6.355310E-04 -4.201803E-03  1.194278E-01  4.583662E-04
        14   8  8.566059E-01  2.471963E-03 -3.016079E-03 -4.592362E-03  1.029450E-01 -1.812119E-03
        14   9  7.278659E-01  3.067895E-03 -6.510854E-03 -4.982921E-03  1.190445E-01 -4.617433E-03
        14  10 -9.819534E-01  1.700195E-03  1.611891E-03  9.843142E-16  1.068617E-01  1.748771E-14
        14  11 -8.543277E-01 -1.495603E-03  3.992439E-03  5.709957E-15  9.081008E-02 -1.368474E-14
        14  12 -7.255877E-01 -2.091535E-03  7.487214E-03  2.147090E-14  1.073408E-01 -8.023362E-15
        14  13 -2.284649E-14  6.166261E-15 -2.777232E-14  1.823313E-14  1.170064E-01 -1.571545E-14
        14  14 -1.060933E-14  1.100271E-14  5.810076E-15  9.537836E-15  1.009548E-01 -1.269094E-14
        14  15 -7.453087E-15  7.968326E-15  1.225020E-14  1.862384E-14  1.174855E-01  2.918309E-14
        14  16  9.819534E-01 -1.700195E-03 -1.611891E-03  5.617819E-14  1.068617E-01 -8.703253E-15
        14  17  8.543277E-01  1.495603E-03 -3.992439E-03  3.707794E-14  9.081008E-02 -5.129372E-15
        14  18  7.255877E-01  2.091535E-03 -7.487214E-03  4.129425E-14  1.073408E-01  1.458083E-14
        14  19 -9.842316E-01  7.238346E-04  6.355310E-04 -4.201803E-03  1.194278E-01 -4.583662E-04
        14  20 -8.566059E-01 -2.471963E-03  3.016079E-03 -4.592362E-03  1.029450E-01  1.812119E-03
        14  21 -7.278659E-01 -3.067895E-03  6.510854E-03 -4.982921E-03  1.190445E-01  4.617433E-03
        14  22 -3.507621E-13  3.080338E-14  1.032345E-13  1.408925E-14  1.295725E-01 -4.583662E-04
        14  23 -3.158481E-13  1.393544E-14  5.741981E-14  3.638069E-15  1.130897E-01  1.812119E-03
        14  24 -2.853307E-13 -3.339773E-15  4.471837E-15  9.471294E-15  1.291892E-01  4.617433E-03
        14  25  9.842316E-01 -7.238346E-04 -6.355310E-04  4.201803E-03  1.194278E-01 -4.583662E-04
        14  26  8.566059E-01  2.471963E-03 -3.016079E-03  4.592362E-03  1.029450E-01  1.812119E-03
        14  27  7.278659E-01  3.067895E-03 -6.510854E-03  4.982921E-03  1.190445E-01  4.617433E-03
        15   1 -6.392415E-01  5.818821E-03  7.246961E-03 -2.168552E-03  1.114754E-01 -2.375276E-03
        15   2 -5.090427E-01  1.043454E-02 -1.535945E-02 -2.256016E-03  9.474181E-02  9.891303E-03
        15   3 -3.833975E-01  4.425225E-03 -4.251945E-02 -2.343480E-03  1.125591E-01  2.434360E-02
        15   4  2.046739E-13  8.707127E-15  2.843893E-14  3.181473E-14  1.297775E-01 -2.375276E-03
        15   5  1.606488E-13 -4.076190E-15 -4.267818E-14  2.560800E-14  1.130439E-01  9.891303E-03
        15   6  1.656457E-13  3.326138E-14  5.419671E-15  3.130697E-14  1.308612E-01  2.434360E-02
        15   7  6.392415E-01 -5.818821E-03 -7.246961E-03  2.168552E-03  1.114754E-01 -2.375276E-03
        15   8  5.090427E-01 -1.043454E-02  1.535945E-02  2.256016E-03  9.474181E-02  9.891303E-03
        15   9  3.833975E-01 -4.425225E-03  4.251945E-02  2.343480E-03  1.125591E-01  2.434360E-02
        15  10 -6.456826E-01  3.058369E-03  4.486508E-03  4.585037E-14  1.096291E-01  7.438610E-15
        15  11 -5.154838E-01  7.674088E-03 -1.811990E-02  3.034128E-14  9.167631E-02  2.539729E-14
        15  12 -3.898386E-01  1.664772E-03 -4.527990E-02  2.882899E-14  1.082744E-01 -1.966864E-15
        15  13 -1.425748E-14  9.058132E-15  2.405447E-14  3.163529E-14  1.279312E-01 -2.078791E-14
        15  14 -9.929962E-15  9.668904E-15  1.415184E-14  2.713181E-14  1.099784E-01 -3.439188E-15
        15  15  6.349195E-15  2.083524E-14  2.878905E-14  3.328476E-14  1.265765E-01  3.310653E-15
        15  16  6.456826E-01 -3.058369E-03 -4.486508E-03  1.397928E-14  1.096291E-01  1.327889E-14
        15  17  5.154838E-01 -7.674088E-03  1.811990E-02  2.503703E-14  9.167631E-02 -4.146718E-15
        15  18  3.898386E-01 -1.664772E-03  4.527990E-02  4.299388E-14  1.082744E-01  3.093653E-15
        15  19 -6.392415E-01  5.818821E-03  7.246961E-03  2.168552E-03  1.114754E-01  2.375276E-03
        15  20 -5.090427E-01  1.043454E-02 -1.535945E-02  2.256016E-03  9.474181E-02 -9.891303E-03
        15  21 -3.833975E-01  4.425225E-03 -4.251945E-02  2.343480E-03  1.125591E-01 -2.434360E-02
        15  22 -2.436242E-13  3.121444E-15  8.961058E-15  2.293357E-14  1.297775E-01  2.375276E-03
        15  23 -1.952926E-13  3.695742E-15  2.007527E-14  2.024127E-14  1.130439E-01 -9.891303E-03
        15  24 -1.469253E-13  9.233812E-15  4.887616E-14  2.738049E-14  1.308612E-01 -2.434360E-02
        15  25  6.392415E-01 -5.818821E-03 -7.246961E-03 -2.168552E-03  1.114754E-01  2.375276E-03
        15  26  5.090427E-01 -1.043454E-02  1.535945E-02 -2.256016E-03  9.474181E-02 -9.891303E-03
        15  27  3.833975E-01 -4.425225E-03  4.251945E-02 -2.343480E-03  1.125591E-01 -2.434360E-02
        16   1 -2.977236E-01 -3.997681E-03 -1.713550E-02  2.233699E-02  1.520297E-01  1.026068E-02
        16   2 -1.695655E-01 -3.705761E-02  8.203477E-02  1.913084E-02  1.385829E-01 -5.442253E-02
        16   3 -4.003818E-02 -6.692294E-02  1.825742E-01  1.592469E-02  1.527382E-01 -1.197629E-01
        16   4  1.293010E-13  2.658612E-14  1.901735E-14  2.341644E-14  1.315243E-01  1.026068E-02
        16   5  7.154468E-14 -1.869293E-14  1.763430E-14  1.468260E-14  1.180776E-01 -5.442253E-02
        16   6  4.449678E-14 -4.196483E-14  9.423391E-14  2.551109E-14  1.322329E-01 -1.197629E-01
        16   7  2.977236E-01  3.997681E-03  1.713550E-02 -2.233699E-02  1.520297E-01  1.026068E-02
        16   8  1.695655E-01  3.705761E-02 -8.203477E-02 -1.913084E-02  1.385829E-01 -5.442253E-02
        16   9  4.003818E-02  6.692294E-02 -1.825742E-01 -1.592469E-02  1.527382E-01 -1.197629E-01
        16  10 -3.019348E-01 -5.802451E-03 -1.894027E-02  5.032411E-14  9.426927E-02 -5.333673E-15
        16  11 -1.737766E-01 -3.886238E-02  8.023000E-02  4.756892E-14  8.002540E-02  4.962990E-14
        16  12 -4.424931E-02 -6.872771E-02  1.807694E-01  5.780287E-14  9.338360E-02  2.038422E-14
        16  13 -1.616821E-15  1.410633E-14  1.370796E-14  1.564123E-14  7.376396E-02  3.388626E-15
        16  14 -3.822821E-15  4.762924E-15  1.095465E-14  9.444721E-15  5.952009E-02  1.074745E-14
        16  15 -2.040375E-14 -2.494085E-14 -9.867967E-15  1.734012E-14  7.287828E-02  1.021788E-14
        16  16  3.019348E-01  5.802451E-03  1.894027E-02  5.091930E-14  9.426927E-02  1.108150E-14
        16  17  1.737766E-01  3.886238E-02 -8.023000E-02  3.944700E-14  8.002540E-02 -1.133541E-14
        16  18  4.424931E-02  6.872771E-02 -1.807694E-01  4.390447E-14  9.338360E-02 -3.113070E-14
        16  19 -2.977236E-01 -3.997681E-03 -1.713550E-02 -2.233699E-02  1.520297E-01 -1.026068E-02
        16  20 -1.695655E-01 -3.705761E-02  8.203477E-02 -1.913084E-02  1.385829E-01  5.442253E-02
        16  21 -4.003818E-02 -6.692294E-02  1.825742E-01 -1.592469E-02  1.527382E-01  1.197629E-01
        16  22 -9.632844E-14  2.280183E-14  4.268922E-14  1.691116E-14  1.315243E-01 -1.026068E-02
        16  23 -6.455129E-14  3.355134E-14  7.420446E-15  1.024047E-14  1.180776E-01  5.442253E-02
        16  24 -2.570213E-14  4.456526E-14  1.389893E-15  1.780108E-14  1.322329E-01  1.197629E-01
        16  25  2.977236E-01  3.997681E-03  1.713550E-02  2.233699E-02  1.520297E-01 -1.026068E-02
        16  26  1.695655E-01  3.705761E-02 -8.203477E-02  1.913084E-02  1.385829E-01  5.442253E-02
        16  27  4.003818E-02  6.692294E-02 -1.825742E-01  1.592469E-02  1.527382E-01  1.197629E-01
