
                        S T E P       1


                                INCREMENT     1


 displacements (vx,vy,vz) for set MID and time  0.1000000E+01

        33  3.873270E-16 -2.059216E-14 -6.185623E-02

 stresses (elem, integ.pnt.,sxx,syy,szz,sxy,sxz,syz) for set MEMBER and time  0.1000000E+01

         1   1 -2.241276E-02  5.680899E-03 -1.675999E-04 -3.967854E-03 -1.004382E-01 -1.899421E-03
         1   2 -7.902486E-02 -3.170923E-03 -3.133061E-03 -4.859317E-03 -9.792748E-02  1.208266E-04
         1   3 -1.322925E-01 -4.218953E-03 -2.754039E-03 -5.750780E-03 -1.015946E-01  6.741958E-04
         1   4  3.014160E-15  1.904458E-14 -1.611246E-14 -9.760827E-16 -1.110319E-01 -1.899421E-03
         1   5  3.452713E-14  1.245956E-14 -1.595375E-14 -4.812544E-15 -1.085212E-01  1.208266E-04
         1   6  5.652885E-14  3.037148E-15 -2.094489E-14 -1.439489E-14 -1.121883E-01  6.741958E-04
         1   7  2.241276E-02 -5.680899E-03  1.675999E-04  3.967854E-03 -1.004382E-01 -1.899421E-03
         1   8  7.902486E-02  3.170923E-03  3.133061E-03  4.859317E-03 -9.792748E-02  1.208266E-04
         1   9  1.322925E-01  4.218953E-03  2.754039E-03  5.750780E-03 -1.015946E-01  6.741958E-04
         1  10 -7.369285E-03  1.212810E-02  6.279604E-03 -3.585635E-13 -9.538312E-02  1.367106E-13
         1  11 -6.398138E-02  3.276280E-03  3.314143E-03 -3.176173E-13 -9.157149E-02  5.616230E-14
         1  12 -1.172490E-01  2.228251E-03  3.693164E-03 -2.870171E-13 -9.393762E-02  1.391896E-14
         1  13 -4.104075E-14  1.007289E-14 -9.317237E-15 -1.040913E-14 -1.059769E-01  1.268848E-13
         1  14 -3.029975E-14  6.609423E-15 -3.254139E-15 -1.362332E-14 -1.021652E-01  5.045685E-14
         1  15 -2.987534E-14 -4.930212E-16 -4.223741E-15 -2.080454E-14 -1.045314E-01  1.250412E-14
         1  16  7.369285E-03 -1.212810E-02 -6.279604E-03  3.194272E-13 -9.538312E-02  1.164093E-13
         1  17  6.398138E-02 -3.276280E-03 -3.314143E-03  2.921578E-13 -9.157149E-02  4.427517E-14
         1  18  1.172490E-01 -2.228251E-03 -3.693164E-03  2.654372E-13 -9.393762E-02  1.019302E-14
         1  19 -2.241276E-02  5.680899E-03 -1.675999E-04  3.967854E-03 -1.004382E-01  1.899421E-03
         1  20 -7.902486E-02 -3.170923E-03 -3.133061E-03  4.859317E-03 -9.792748E-02 -1.208266E-04
         1  21 -1.322925E-01 -4.218953E-03 -2.754039E-03  5.750780E-03 -1.015946E-01 -6.741958E-04
         1  22 -8.150543E-14  1.408075E-15 -5.091619E-15 -1.431012E-14 -1.110319E-01  1.899421E-03
         1  23 -1.007532E-13 -7.052251E-15 -1.098496E-14 -1.662845E-14 -1.085212E-01 -1.208266E-04
         1  24 -1.258634E-13 -1.689416E-14 -2.080804E-14 -2.113444E-14 -1.121883E-01 -6.741958E-04
         1  25  2.241276E-02 -5.680899E-03  1.675999E-04 -3.967854E-03 -1.004382E-01  1.899421E-03
         1  26  7.902486E-02  3.170923E-03  3.133061E-03 -4.859317E-03 -9.792748E-02 -1.208266E-04
         1  27  1.322925E-01  4.218953E-03  2.754039E-03 -5.750780E-03 -1.015946E-01 -6.741958E-04
         2   1 -1.603013E-01 -1.643922E-03 -7.140772E-04 -3.866045E-03 -1.017575E-01  4.854835E-04
         2   2 -2.151865E-01 -1.057681E-03 -4.462539E-04 -3.170788E-03 -9.863260E-02  2.531431E-04
         2   3 -2.701518E-01 -6.582907E-04 -2.585092E-04 -2.475531E-03 -1.019269E-01  5.592504E-05
         2   4 -3.392263E-14 -4.129695E-14 -5.992003E-14 -2.212418E-14 -1.122775E-01  4.854835E-04
         2   5  2.412027E-14 -1.715060E-14 -2.814818E-14 -1.238228E-14 -1.091525E-01  2.531431E-04
         2   6  6.764280E-14 -9.766904E-18 -1.879854E-14 -8.800510E-15 -1.124468E-01  5.592504E-05
         2   7  1.603013E-01  1.643922E-03  7.140772E-04  3.866045E-03 -1.017575E-01  4.854835E-04
         2   8  2.151865E-01  1.057681E-03  4.462539E-04  3.170788E-03 -9.863260E-02  2.531431E-04
         2   9  2.701518E-01  6.582907E-04  2.585092E-04  2.475531E-03 -1.019269E-01  5.592504E-05
         2  10 -1.580981E-01 -6.996868E-04  2.301578E-04 -2.781031E-13 -9.392846E-02  4.514251E-15
         2  11 -2.129833E-01 -1.134460E-04  4.979812E-04 -2.810032E-13 -9.061298E-02 -8.825558E-15
         2  12 -2.679486E-01  2.859444E-04  6.857258E-04 -2.852623E-13 -9.371676E-02 -1.486756E-14
         2  13 -5.132788E-14 -1.157941E-14 -1.246862E-14 -2.385580E-14 -1.044484E-01  5.935466E-15
         2  14 -2.286302E-14  2.387725E-15  2.039750E-15 -1.623295E-14 -1.011329E-01  1.094026E-15
         2  15 -1.089052E-14  9.548449E-15 -3.159713E-15 -1.379842E-14 -1.042367E-01 -3.469677E-15
         2  16  1.580981E-01  6.996868E-04 -2.301578E-04  2.593563E-13 -9.392846E-02  6.425377E-15
         2  17  2.129833E-01  1.134460E-04 -4.979812E-04  2.579411E-13 -9.061298E-02 -3.672380E-16
         2  18  2.679486E-01 -2.859444E-04 -6.857258E-04  2.474685E-13 -9.371676E-02 -4.719795E-15
         2  19 -1.603013E-01 -1.643922E-03 -7.140772E-04  3.866045E-03 -1.017575E-01 -4.854835E-04
         2  20 -2.151865E-01 -1.057681E-03 -4.462539E-04  3.170788E-03 -9.863260E-02 -2.531431E-04
         2  21 -2.701518E-01 -6.582907E-04 -2.585092E-04  2.475531E-03 -1.019269E-01 -5.592504E-05
         2  22 -1.036920E-13 -4.231442E-15 -4.628231E-15 -2.263381E-14 -1.122775E-01 -4.854835E-04
         2  23 -1.137372E-13  4.707207E-16  4.619340E-15 -1.704712E-14 -1.091525E-01 -2.531431E-04
         2  24 -1.188884E-13  8.804448E-15  7.575210E-15 -1.598053E-14 -1.124468E-01 -5.592504E-05
         2  25  1.603013E-01  1.643922E-03  7.140772E-04 -3.866045E-03 -1.017575E-01 -4.854835E-04
         2  26  2.151865E-01  1.057681E-03  4.462539E-04 -3.170788E-03 -9.863260E-02 -2.531431E-04
         2  27  2.701518E-01  6.582907E-04  2.585092E-04 -2.475531E-03 -1.019269E-01 -5.592504E-05
         3   1 -3.021288E-01 -4.467188E-04 -1.534975E-04 -2.361750E-03 -1.020318E-01 -4.238153E-06
         3   2 -3.570242E-01 -8.326585E-05  3.885814E-05 -2.278369E-03 -9.882606E-02 -1.921453E-05
         3   3 -4.119804E-01  1.382060E-04  1.703647E-04 -2.194988E-03 -1.020304E-01 -7.502731E-06
         3   4  9.856575E-14  9.145704E-15 -1.500183E-14  1.637946E-15 -1.125481E-01 -4.238152E-06
         3   5  9.655725E-14 -5.118779E-15 -3.589264E-14 -2.421574E-15 -1.093424E-01 -1.921453E-05
         3   6  8.355277E-14 -1.847303E-14 -4.691311E-14 -6.075755E-15 -1.125467E-01 -7.502731E-06
         3   7  3.021288E-01  4.467188E-04  1.534975E-04  2.361750E-03 -1.020318E-01 -4.238152E-06
         3   8  3.570242E-01  8.326585E-05 -3.885814E-05  2.278369E-03 -9.882606E-02 -1.921453E-05
         3   9  4.119804E-01 -1.382060E-04 -1.703647E-04  2.194988E-03 -1.020304E-01 -7.502731E-06
         3  10 -3.021471E-01 -4.545314E-04 -1.613100E-04 -2.867288E-13 -9.358461E-02 -1.138210E-14
         3  11 -3.570424E-01 -9.107843E-05  3.104557E-05 -2.864332E-13 -9.038047E-02 -4.697223E-16
         3  12 -4.119987E-01  1.303935E-04  1.625521E-04 -2.863806E-13 -9.358636E-02  7.014384E-15
         3  13 -3.798785E-14 -2.892525E-15 -1.937919E-14 -1.477267E-14 -1.041010E-01 -4.495682E-15
         3  14 -3.243118E-14 -5.616616E-15 -1.710640E-14 -1.732026E-14 -1.008968E-01  2.703496E-16
         3  15 -3.983900E-14 -1.487426E-14 -2.779810E-14 -1.973867E-14 -1.041027E-01  2.060337E-15
         3  16  3.021471E-01  4.545314E-04  1.613100E-04  2.637279E-13 -9.358461E-02 -1.002265E-14
         3  17  3.570424E-01  9.107843E-05 -3.104557E-05  2.633749E-13 -9.038047E-02 -1.585195E-14
         3  18  4.119987E-01 -1.303935E-04 -1.625521E-04  2.651726E-13 -9.358636E-02 -1.376391E-14
         3  19 -3.021288E-01 -4.467188E-04 -1.534975E-04  2.361750E-03 -1.020318E-01  4.238152E-06
         3  20 -3.570242E-01 -8.326585E-05  3.885814E-05  2.278369E-03 -9.882606E-02  1.921453E-05
         3  21 -4.119804E-01  1.382060E-04  1.703647E-04  2.194988E-03 -1.020304E-01  7.502731E-06
         3  22 -1.523817E-13 -9.892221E-16  5.924872E-16 -2.972048E-14 -1.125481E-01  4.238152E-06
         3  23 -1.562169E-13 -2.002118E-15  1.016641E-14 -3.175126E-14 -1.093424E-01  1.921453E-05
         3  24 -1.439861E-13 -2.362210E-16  8.851249E-15 -3.060986E-14 -1.125467E-01  7.502731E-06
         3  25  3.021288E-01  4.467188E-04  1.534975E-04 -2.361750E-03 -1.020318E-01  4.238152E-06
         3  26  3.570242E-01  8.326585E-05 -3.885814E-05 -2.278369E-03 -9.882606E-02  1.921453E-05
         3  27  4.119804E-01 -1.382060E-04 -1.703647E-04 -2.194988E-03 -1.020304E-01  7.502731E-06
         4   1 -4.449257E-01 -1.780378E-04 -1.630771E-04 -2.202078E-03 -1.020035E-01 -4.406400E-07
         4   2 -4.998478E-01  9.403921E-06  9.619600E-06 -2.201883E-03 -9.879870E-02 -2.886930E-06
         4   3 -5.547778E-01  1.785175E-04  1.744613E-04 -2.201688E-03 -1.020002E-01 -1.888068E-06
         4   4  9.960698E-14 -2.044259E-14 -4.597844E-14 -1.312946E-15 -1.125460E-01 -4.406400E-07
         4   5  1.478973E-13 -2.251860E-14 -3.709470E-14  4.607847E-15 -1.093412E-01 -2.886930E-06
         4   6  1.923607E-13 -2.768608E-14 -3.313250E-14  1.500588E-15 -1.125427E-01 -1.888068E-06
         4   7  4.449257E-01  1.780378E-04  1.630771E-04  2.202078E-03 -1.020035E-01 -4.406400E-07
         4   8  4.998478E-01 -9.403921E-06 -9.619600E-06  2.201883E-03 -9.879870E-02 -2.886930E-06
         4   9  5.547778E-01 -1.785175E-04 -1.744613E-04  2.201688E-03 -1.020002E-01 -1.888068E-06
         4  10 -4.449683E-01 -1.962758E-04 -1.813150E-04 -2.898637E-13 -9.359196E-02  2.853626E-16
         4  11 -4.998904E-01 -8.834051E-06 -8.618372E-06 -2.878769E-13 -9.039085E-02 -9.524898E-15
         4  12 -5.548203E-01  1.602795E-04  1.562233E-04 -2.976544E-13 -9.359604E-02 -1.281340E-14
         4  13 -1.321750E-14 -7.853674E-15 -2.197452E-14 -2.257957E-14 -1.041345E-01 -1.421444E-15
         4  14  1.849730E-15 -7.724863E-15 -1.456968E-14 -1.821978E-14 -1.009334E-01 -5.220441E-15
         4  15  2.564726E-14 -3.599166E-15 -1.034280E-15 -1.945447E-14 -1.041386E-01 -7.507368E-15
         4  16  4.449683E-01  1.962758E-04  1.813150E-04  2.631100E-13 -9.359196E-02 -8.984040E-15
         4  17  4.998904E-01  8.834051E-06  8.618372E-06  2.647093E-13 -9.039085E-02 -1.850227E-15
         4  18  5.548203E-01 -1.602795E-04 -1.562233E-04  2.667180E-13 -9.359604E-02 -8.082099E-15
         4  19 -4.449257E-01 -1.780378E-04 -1.630771E-04  2.202078E-03 -1.020035E-01  4.406400E-07
         4  20 -4.998478E-01  9.403921E-06  9.619600E-06  2.201883E-03 -9.879870E-02  2.886930E-06
         4  21 -5.547778E-01  1.785175E-04  1.744613E-04  2.201688E-03 -1.020002E-01  1.888068E-06
         4  22 -1.260420E-13  3.093304E-15 -3.443745E-15 -3.274915E-14 -1.125460E-01  4.406400E-07
         4  23 -1.654159E-13 -1.799317E-14 -5.431120E-14 -2.982364E-14 -1.093412E-01  2.886930E-06
         4  24 -1.854654E-13 -2.609858E-14 -7.983387E-14 -2.866140E-14 -1.125427E-01  1.888068E-06
         4  25  4.449257E-01  1.780378E-04  1.630771E-04 -2.202078E-03 -1.020035E-01  4.406400E-07
         4  26  4.998478E-01 -9.403921E-06 -9.619600E-06 -2.201883E-03 -9.879870E-02  2.886930E-06
         4  27  5.547778E-01 -1.785175E-04 -1.744613E-04 -2.201688E-03 -1.020002E-01  1.888068E-06
         5   1 -5.877601E-01 -1.620879E-04 -1.650378E-04 -2.206123E-03 -1.019982E-01 -8.131917E-07
         5   2 -6.426862E-01  2.827867E-06  9.761965E-07 -2.207919E-03 -9.879512E-02 -4.127379E-07
         5   3 -6.976122E-01  1.683259E-04  1.672397E-04 -2.209715E-03 -1.019978E-01 -1.217410E-07
         5   4  1.819562E-13 -4.320618E-14 -4.517893E-14 -7.048915E-15 -1.125415E-01 -8.131918E-07
         5   5  1.779395E-13 -5.294328E-14 -3.934395E-14 -5.418717E-15 -1.093385E-01 -4.127380E-07
         5   6  1.787872E-13 -5.395276E-14 -9.420225E-15 -6.274980E-15 -1.125411E-01 -1.217410E-07
         5   7  5.877601E-01  1.620879E-04  1.650378E-04  2.206123E-03 -1.019982E-01 -8.131918E-07
         5   8  6.426862E-01 -2.827867E-06 -9.761966E-07  2.207919E-03 -9.879512E-02 -4.127380E-07
         5   9  6.976122E-01 -1.683259E-04 -1.672397E-04  2.209715E-03 -1.019978E-01 -1.217410E-07
         5  10 -5.877655E-01 -1.644265E-04 -1.673765E-04 -2.815553E-13 -9.359746E-02 -1.455534E-14
         5  11 -6.426917E-01  4.891819E-07 -1.362488E-06 -2.924653E-13 -9.039484E-02 -2.480259E-14
         5  12 -6.976176E-01  1.659872E-04  1.649010E-04 -2.921070E-13 -9.359798E-02 -3.080604E-14
         5  13  3.253298E-14 -3.632626E-15  2.978044E-15 -2.067129E-14 -1.041408E-01 -1.339311E-14
         5  14  2.231415E-14 -1.470592E-14 -1.052467E-14 -2.131142E-14 -1.009382E-01 -1.386715E-14
         5  15  1.669510E-14 -2.225267E-14 -1.696469E-14 -2.099115E-14 -1.041413E-01  2.883164E-15
         5  16  5.877655E-01  1.644265E-04  1.673765E-04  2.652220E-13 -9.359746E-02 -1.645972E-14
         5  17  6.426917E-01 -4.891819E-07  1.362488E-06  2.735997E-13 -9.039484E-02 -1.972523E-14
         5  18  6.976176E-01 -1.659872E-04 -1.649010E-04  2.733747E-13 -9.359798E-02 -1.122459E-14
         5  19 -5.877601E-01 -1.620879E-04 -1.650378E-04  2.206123E-03 -1.019982E-01  8.131917E-07
         5  20 -6.426862E-01  2.827867E-06  9.761964E-07  2.207919E-03 -9.879512E-02  4.127379E-07
         5  21 -6.976122E-01  1.683259E-04  1.672397E-04  2.209715E-03 -1.019978E-01  1.217410E-07
         5  22 -1.995234E-13 -3.135245E-14 -9.060798E-14 -3.004381E-14 -1.125415E-01  8.131917E-07
         5  23 -1.954313E-13 -3.311551E-14 -1.084085E-13 -3.280972E-14 -1.093385E-01  4.127380E-07
         5  24 -1.997532E-13 -4.105616E-14 -1.385909E-13 -3.079637E-14 -1.125411E-01  1.217410E-07
         5  25  5.877601E-01  1.620879E-04  1.650378E-04 -2.206123E-03 -1.019982E-01  8.131918E-07
         5  26  6.426862E-01 -2.827867E-06 -9.761965E-07 -2.207919E-03 -9.879512E-02  4.127380E-07
         5  27  6.976122E-01 -1.683259E-04 -1.672397E-04 -2.209715E-03 -1.019978E-01  1.217410E-07
         6   1 -7.305822E-01 -1.654547E-04 -1.662062E-04 -2.210040E-03 -1.019977E-01 -2.589311E-08
         6   2 -7.855084E-01  1.948713E-07 -1.038680E-07 -2.210260E-03 -9.879480E-02  3.493539E-08
         6   3 -8.404344E-01  1.662418E-04  1.661688E-04 -2.210480E-03 -1.019977E-01  2.107877E-08
         6   4  2.420735E-13 -2.516595E-14  2.807386E-14 -3.014953E-15 -1.125409E-01 -2.589311E-08
         6   5  2.608976E-13 -1.773051E-14  2.172158E-14 -2.695559E-15 -1.093381E-01  3.493540E-08
         6   6  3.000932E-13 -1.028157E-15  3.368827E-14 -5.597589E-15 -1.125409E-01  2.107875E-08
         6   7  7.305822E-01  1.654547E-04  1.662062E-04  2.210040E-03 -1.019977E-01 -2.589314E-08
         6   8  7.855084E-01 -1.948713E-07  1.038681E-07  2.210260E-03 -9.879480E-02  3.493536E-08
         6   9  8.404344E-01 -1.662418E-04 -1.661688E-04  2.210480E-03 -1.019977E-01  2.107875E-08
         6  10 -7.305821E-01 -1.654111E-04 -1.661626E-04 -2.972224E-13 -9.359820E-02 -3.491627E-14
         6  11 -7.855083E-01  2.384619E-07 -6.027759E-08 -2.957124E-13 -9.039531E-02 -3.054225E-14
         6  12 -8.404342E-01  1.662854E-04  1.662124E-04 -3.002624E-13 -9.359819E-02 -1.898773E-14
         6  13  3.556164E-14 -1.335002E-14 -1.041270E-14 -7.734306E-15 -1.041414E-01 -1.258366E-15
         6  14  3.806338E-14 -1.006677E-14 -2.433037E-14 -6.252442E-15 -1.009386E-01 -1.143963E-14
         6  15  4.558821E-14 -1.448278E-15 -1.735285E-14 -8.073332E-15 -1.041414E-01 -3.296583E-15
         6  16  7.305821E-01  1.654111E-04  1.661626E-04  2.715432E-13 -9.359820E-02 -8.356372E-15
         6  17  7.855083E-01 -2.384619E-07  6.027756E-08  2.699572E-13 -9.039531E-02 -1.955638E-14
         6  18  8.404342E-01 -1.662854E-04 -1.662124E-04  2.690097E-13 -9.359819E-02 -2.685328E-14
         6  19 -7.305822E-01 -1.654547E-04 -1.662062E-04  2.210040E-03 -1.019977E-01  2.589305E-08
         6  20 -7.855084E-01  1.948713E-07 -1.038683E-07  2.210260E-03 -9.879480E-02 -3.493544E-08
         6  21 -8.404344E-01  1.662418E-04  1.661688E-04  2.210480E-03 -1.019977E-01 -2.107880E-08
         6  22 -2.055870E-13 -4.221702E-14 -1.497610E-13 -9.443962E-15 -1.125409E-01  2.589311E-08
         6  23 -1.917684E-13 -1.763587E-14 -1.140498E-13 -7.743369E-15 -1.093381E-01 -3.493541E-08
         6  24 -1.881744E-13  5.755509E-15 -6.379739E-14 -1.012810E-14 -1.125409E-01 -2.107878E-08
         6  25  7.305822E-01  1.654547E-04  1.662062E-04 -2.210040E-03 -1.019977E-01  2.589314E-08
         6  26  7.855084E-01 -1.948713E-07  1.038681E-07 -2.210260E-03 -9.879480E-02 -3.493540E-08
         6  27  8.404344E-01 -1.662418E-04 -1.661688E-04 -2.210480E-03 -1.019977E-01 -2.107881E-08
         7   1 -8.734020E-01 -1.661677E-04 -1.662021E-04 -2.210451E-03 -1.019978E-01  5.704256E-09
         7   2 -9.283280E-01 -2.885112E-08 -2.587698E-08 -2.210447E-03 -9.879487E-02  9.640740E-09
         7   3 -9.832541E-01  1.661536E-04  1.661690E-04 -2.210444E-03 -1.019978E-01  5.374396E-09
         7   4  3.598121E-13  2.333454E-14  5.660036E-14  7.465740E-15 -1.125409E-01  5.704280E-09
         7   5  3.504788E-13  1.578701E-14  4.726707E-14  5.459709E-15 -1.093381E-01  9.640731E-09
         7   6  3.424967E-13  2.544002E-15  2.204458E-14  3.206956E-15 -1.125410E-01  5.374400E-09
         7   7  8.734020E-01  1.661677E-04  1.662021E-04  2.210451E-03 -1.019978E-01  5.704258E-09
         7   8  9.283280E-01  2.885109E-08  2.587702E-08  2.210447E-03 -9.879487E-02  9.640741E-09
         7   9  9.832541E-01 -1.661536E-04 -1.661690E-04  2.210444E-03 -1.019978E-01  5.374451E-09
         7  10 -8.734019E-01 -1.661173E-04 -1.661517E-04 -3.200886E-13 -9.359818E-02 -7.409469E-15
         7  11 -9.283279E-01  2.156013E-08  2.453423E-08 -3.200768E-13 -9.039529E-02 -9.222351E-16
         7  12 -9.832540E-01  1.662040E-04  1.662194E-04 -3.196472E-13 -9.359817E-02  5.680230E-15
         7  13  5.282481E-14  2.848900E-15 -1.175819E-14  1.862297E-15 -1.041414E-01 -7.838416E-15
         7  14  5.162920E-14  5.914978E-17 -1.295380E-14 -2.831792E-15 -1.009385E-01 -3.060794E-15
         7  15  3.437550E-14 -1.547916E-14 -3.595430E-14 -7.646292E-15 -1.041414E-01  1.245317E-17
         7  16  8.734019E-01  1.661173E-04  1.661517E-04  2.785611E-13 -9.359818E-02 -2.036219E-14
         7  17  9.283279E-01 -2.156015E-08 -2.453427E-08  2.814569E-13 -9.039529E-02 -5.370552E-15
         7  18  9.832540E-01 -1.662040E-04 -1.662194E-04  2.835487E-13 -9.359817E-02  1.729107E-14
         7  19 -8.734020E-01 -1.661677E-04 -1.662021E-04  2.210451E-03 -1.019978E-01 -5.704294E-09
         7  20 -9.283280E-01 -2.885110E-08 -2.587702E-08  2.210447E-03 -9.879487E-02 -9.640726E-09
         7  21 -9.832541E-01  1.661536E-04  1.661690E-04  2.210444E-03 -1.019978E-01 -5.374397E-09
         7  22 -2.380295E-13 -6.994053E-15 -6.069994E-14 -5.804504E-15 -1.125409E-01 -5.704276E-09
         7  23 -2.382218E-13 -3.428983E-15 -4.118889E-14 -1.119935E-14 -1.093381E-01 -9.640758E-09
         7  24 -2.510568E-13 -1.572639E-14 -5.744458E-14 -1.842692E-14 -1.125410E-01 -5.374396E-09
         7  25  8.734020E-01  1.661677E-04  1.662021E-04 -2.210451E-03 -1.019978E-01 -5.704312E-09
         7  26  9.283280E-01  2.885111E-08  2.587695E-08 -2.210447E-03 -9.879487E-02 -9.640735E-09
         7  27  9.832541E-01 -1.661536E-04 -1.661690E-04 -2.210444E-03 -1.019978E-01 -5.374420E-09
         8   1 -1.016222E+00 -1.662090E-04 -1.661969E-04 -2.210431E-03 -1.019978E-01  2.346340E-09
         8   2 -1.071148E+00 -1.781052E-08 -1.246559E-08 -2.210421E-03 -9.879488E-02  1.819662E-09
         8   3 -1.126074E+00  1.661708E-04  1.661709E-04 -2.210410E-03 -1.019978E-01  1.785429E-09
         8   4  3.950810E-13  1.696388E-14  3.111747E-14 -4.608850E-15 -1.125410E-01  2.346349E-09
         8   5  3.812339E-13 -7.501164E-15 -2.432908E-15  1.515945E-15 -1.093381E-01  1.819648E-09
         8   6  3.718391E-13 -3.069947E-14 -3.426758E-14  4.875068E-15 -1.125410E-01  1.785379E-09
         8   7  1.016222E+00  1.662090E-04  1.661969E-04  2.210431E-03 -1.019978E-01  2.346369E-09
         8   8  1.071148E+00  1.781051E-08  1.246559E-08  2.210421E-03 -9.879488E-02  1.819650E-09
         8   9  1.126074E+00 -1.661708E-04 -1.661709E-04  2.210410E-03 -1.019978E-01  1.785368E-09
         8  10 -1.016222E+00 -1.661942E-04 -1.661821E-04 -3.303539E-13 -9.359817E-02  8.383662E-15
         8  11 -1.071148E+00 -3.016608E-09  2.328347E-09 -3.206962E-13 -9.039527E-02  1.058963E-14
         8  12 -1.126074E+00  1.661856E-04  1.661857E-04 -3.154548E-13 -9.359817E-02  2.578611E-14
         8  13  7.872485E-14 -2.060516E-16 -2.198085E-14 -1.709770E-14 -1.041414E-01  5.021361E-15
         8  14  7.273427E-14 -3.187912E-16 -3.889632E-15 -1.116682E-14 -1.009385E-01  8.447799E-15
         8  15  6.897784E-14 -8.740851E-16  1.260454E-14 -7.397762E-15 -1.041413E-01  7.213520E-15
         8  16  1.016222E+00  1.661942E-04  1.661821E-04  3.000555E-13 -9.359817E-02  2.107190E-14
         8  17  1.071148E+00  3.016599E-09 -2.328355E-09  2.938307E-13 -9.039527E-02  4.495909E-15
         8  18  1.126074E+00 -1.661856E-04 -1.661857E-04  2.879208E-13 -9.359817E-02  3.963936E-15
         8  19 -1.016222E+00 -1.662090E-04 -1.661969E-04  2.210431E-03 -1.019978E-01 -2.346327E-09
         8  20 -1.071148E+00 -1.781051E-08 -1.246551E-08  2.210421E-03 -9.879488E-02 -1.819620E-09
         8  21 -1.126074E+00  1.661708E-04  1.661709E-04  2.210410E-03 -1.019978E-01 -1.785389E-09
         8  22 -2.221665E-13 -1.359573E-15 -3.717450E-14 -2.560796E-14 -1.125410E-01 -2.346364E-09
         8  23 -2.257769E-13  1.302086E-14  5.189430E-15 -1.840658E-14 -1.093381E-01 -1.819617E-09
         8  24 -2.424940E-13  1.542774E-14  2.295311E-14 -1.202774E-14 -1.125410E-01 -1.785377E-09
         8  25  1.016222E+00  1.662090E-04  1.661969E-04 -2.210431E-03 -1.019978E-01 -2.346368E-09
         8  26  1.071148E+00  1.781050E-08  1.246548E-08 -2.210421E-03 -9.879488E-02 -1.819618E-09
         8  27  1.126074E+00 -1.661708E-04 -1.661709E-04 -2.210410E-03 -1.019978E-01 -1.785381E-09
         9   1 -1.159041E+00 -1.662278E-04 -1.662163E-04 -2.210390E-03 -1.019978E-01  7.227629E-09
         9   2 -1.213967E+00 -7.471234E-09  1.514663E-08 -2.210410E-03 -9.879488E-02  1.496990E-08
         9   3 -1.268893E+00  1.663009E-04  1.662843E-04 -2.210430E-03 -1.019978E-01  6.172815E-09
         9   4  4.128291E-13 -1.350449E-14 -1.681210E-14 -2.123166E-14 -1.125410E-01  7.227571E-09
         9   5  4.312002E-13  1.878002E-14  3.111394E-14 -1.584963E-14 -1.093381E-01  1.496991E-08
         9   6  4.617095E-13  6.570410E-14  1.048610E-13 -1.004593E-14 -1.125410E-01  6.172872E-09
         9   7  1.159041E+00  1.662278E-04  1.662163E-04  2.210390E-03 -1.019978E-01  7.227582E-09
         9   8  1.213967E+00  7.471197E-09 -1.514660E-08  2.210410E-03 -9.879488E-02  1.496991E-08
         9   9  1.268893E+00 -1.663009E-04 -1.662843E-04  2.210430E-03 -1.019978E-01  6.172909E-09
         9  10 -1.159041E+00 -1.661715E-04 -1.661599E-04 -3.057190E-13 -9.359814E-02  2.077810E-14
         9  11 -1.213967E+00  4.891322E-08  7.153104E-08 -3.009475E-13 -9.039524E-02  2.822060E-15
         9  12 -1.268893E+00  1.663573E-04  1.663407E-04 -2.962369E-13 -9.359813E-02 -2.381405E-16
         9  13  8.925924E-14  6.130413E-15  1.154071E-14 -1.919047E-14 -1.041414E-01 -1.417172E-16
         9  14  8.201922E-14  9.670062E-15 -6.645584E-15 -1.830130E-14 -1.009385E-01  1.132382E-15
         9  15  8.526581E-14  2.618489E-14 -2.851682E-15 -1.775968E-14 -1.041413E-01  2.966819E-15
         9  16  1.159041E+00  1.661715E-04  1.661599E-04  2.792263E-13 -9.359814E-02 -2.191899E-15
         9  17  1.213967E+00 -4.891329E-08 -7.153109E-08  2.752572E-13 -9.039524E-02 -6.182497E-15
         9  18  1.268893E+00 -1.663573E-04 -1.663407E-04  2.698386E-13 -9.359813E-02 -8.827985E-15
         9  19 -1.159041E+00 -1.662278E-04 -1.662163E-04  2.210390E-03 -1.019978E-01 -7.227572E-09
         9  20 -1.213967E+00 -7.471274E-09  1.514658E-08  2.210410E-03 -9.879488E-02 -1.496988E-08
         9  21 -1.268893E+00  1.663009E-04  1.662843E-04  2.210430E-03 -1.019978E-01 -6.172820E-09
         9  22 -2.938630E-13 -2.632986E-15  4.970214E-15 -1.896834E-14 -1.125410E-01 -7.227568E-09
         9  23 -2.869163E-13  1.357591E-14  1.903196E-14 -2.320322E-14 -1.093381E-01 -1.496992E-08
         9  24 -2.671645E-13  4.680177E-14  6.587587E-14 -2.707543E-14 -1.125410E-01 -6.172853E-09
         9  25  1.159041E+00  1.662278E-04  1.662163E-04 -2.210390E-03 -1.019978E-01 -7.227583E-09
         9  26  1.213967E+00  7.471203E-09 -1.514661E-08 -2.210410E-03 -9.879488E-02 -1.496994E-08
         9  27  1.268893E+00 -1.663009E-04 -1.662843E-04 -2.210430E-03 -1.019978E-01 -6.172937E-09
        10   1 -1.301861E+00 -1.659425E-04 -1.661215E-04 -2.210476E-03 -1.019980E-01  8.158637E-09
        10   2 -1.356787E+00  3.481112E-07 -4.297826E-07 -2.210757E-03 -9.879505E-02 -2.448721E-09
        10   3 -1.411713E+00  1.669429E-04  1.653923E-04 -2.211039E-03 -1.019979E-01 -7.022894E-08
        10   4  5.311305E-13  9.614878E-14  1.398013E-13  1.812838E-14 -1.125408E-01  8.158698E-09
        10   5  5.190648E-13  6.069802E-14  1.042011E-13  9.158621E-15 -1.093379E-01 -2.448710E-09
        10   6  5.138662E-13  3.379048E-14  9.243473E-14  1.871456E-15 -1.125408E-01 -7.022893E-08
        10   7  1.301861E+00  1.659425E-04  1.661215E-04  2.210476E-03 -1.019980E-01  8.158726E-09
        10   8  1.356787E+00 -3.481112E-07  4.297827E-07  2.210757E-03 -9.879505E-02 -2.448695E-09
        10   9  1.411713E+00 -1.669429E-04 -1.653923E-04  2.211039E-03 -1.019979E-01 -7.022894E-08
        10  10 -1.301861E+00 -1.660932E-04 -1.662722E-04 -2.901898E-13 -9.359826E-02 -3.097718E-15
        10  11 -1.356787E+00  1.974256E-07 -5.804684E-07 -2.893443E-13 -9.039539E-02 -5.418730E-15
        10  12 -1.411713E+00  1.667922E-04  1.652416E-04 -2.865808E-13 -9.359829E-02 -1.308857E-14
        10  13  6.634588E-14  2.345179E-14 -1.521005E-15 -1.738395E-14 -1.041411E-01 -6.822347E-15
        10  14  6.757727E-14  1.391925E-14 -6.857383E-15 -1.950074E-14 -1.009382E-01 -9.928351E-15
        10  15  6.568725E-14  1.846829E-15 -1.531516E-14 -2.078803E-14 -1.041412E-01  2.476367E-15
        10  16  1.301861E+00  1.660932E-04  1.662722E-04  2.724087E-13 -9.359826E-02 -1.803155E-14
        10  17  1.356787E+00 -1.974257E-07  5.804683E-07  2.738439E-13 -9.039539E-02 -3.517163E-14
        10  18  1.411713E+00 -1.667922E-04 -1.652416E-04  2.749799E-13 -9.359829E-02 -1.886309E-14
        10  19 -1.301861E+00 -1.659425E-04 -1.661215E-04  2.210476E-03 -1.019980E-01 -8.158672E-09
        10  20 -1.356787E+00  3.481112E-07 -4.297827E-07  2.210757E-03 -9.879505E-02  2.448733E-09
        10  21 -1.411713E+00  1.669429E-04  1.653923E-04  2.211039E-03 -1.019979E-01  7.022894E-08
        10  22 -2.709018E-13  5.422700E-14  7.445306E-14 -4.168542E-14 -1.125408E-01 -8.158701E-09
        10  23 -2.766496E-13  4.592370E-14  3.750837E-14 -3.728655E-14 -1.093379E-01  2.448687E-09
        10  24 -2.904618E-13  2.965870E-14 -1.598400E-14 -3.292841E-14 -1.125408E-01  7.022894E-08
        10  25  1.301861E+00  1.659425E-04  1.661215E-04 -2.210476E-03 -1.019980E-01 -8.158776E-09
        10  26  1.356787E+00 -3.481112E-07  4.297829E-07 -2.210757E-03 -9.879505E-02  2.448618E-09
        10  27  1.411713E+00 -1.669429E-04 -1.653923E-04 -2.211039E-03 -1.019979E-01  7.022891E-08
        11   1 -1.444677E+00 -1.634984E-04 -1.646350E-04 -2.211233E-03 -1.019966E-01 -2.343096E-07
        11   2 -1.499603E+00  3.886974E-06  4.907729E-06 -2.213632E-03 -9.879334E-02 -7.429287E-07
        11   3 -1.554529E+00  1.716799E-04  1.746251E-04 -2.216031E-03 -1.019960E-01 -1.328144E-06
        11   4  5.144514E-13  2.037854E-14  8.645219E-14 -7.105457E-16 -1.125417E-01 -2.343095E-07
        11   5  5.249286E-13 -4.192570E-16  7.339490E-14  3.766723E-15 -1.093384E-01 -7.429287E-07
        11   6  5.271491E-13 -3.318526E-14  4.003998E-14  8.379991E-15 -1.125411E-01 -1.328144E-06
        11   7  1.444677E+00  1.634984E-04  1.646350E-04  2.211233E-03 -1.019966E-01 -2.343095E-07
        11   8  1.499603E+00 -3.886974E-06 -4.907729E-06  2.213632E-03 -9.879334E-02 -7.429287E-07
        11   9  1.554529E+00 -1.716799E-04 -1.746251E-04  2.216031E-03 -1.019960E-01 -1.328144E-06
        11  10 -1.444685E+00 -1.669970E-04 -1.681336E-04 -2.701280E-13 -9.359777E-02 -1.096669E-14
        11  11 -1.499611E+00  3.883885E-07  1.409144E-06 -2.647681E-13 -9.039518E-02 -1.598017E-15
        11  12 -1.554537E+00  1.681813E-04  1.711265E-04 -2.603925E-13 -9.359855E-02  7.200371E-15
        11  13  9.841114E-14  8.511300E-15 -7.767698E-15 -1.998588E-14 -1.041429E-01  1.128661E-14
        11  14  1.042838E-13 -4.056962E-15 -1.831448E-14 -1.851535E-14 -1.009403E-01  2.386575E-14
        11  15  9.416457E-14 -3.295911E-14 -5.634667E-14 -1.847463E-14 -1.041437E-01  3.318032E-14
        11  16  1.444685E+00  1.669970E-04  1.681336E-04  2.788124E-13 -9.359777E-02 -4.832664E-15
        11  17  1.499611E+00 -3.883884E-07 -1.409144E-06  2.734627E-13 -9.039518E-02  9.369900E-15
        11  18  1.554537E+00 -1.681813E-04 -1.711265E-04  2.689448E-13 -9.359855E-02  2.184872E-14
        11  19 -1.444677E+00 -1.634984E-04 -1.646350E-04  2.211233E-03 -1.019966E-01  2.343095E-07
        11  20 -1.499603E+00  3.886974E-06  4.907729E-06  2.213632E-03 -9.879334E-02  7.429287E-07
        11  21 -1.554529E+00  1.716799E-04  1.746251E-04  2.216031E-03 -1.019960E-01  1.328144E-06
        11  22 -3.022359E-13  1.450016E-14 -5.786043E-14 -3.259381E-14 -1.125417E-01  2.343095E-07
        11  23 -3.327121E-13 -1.939350E-14 -1.326690E-13 -3.410194E-14 -1.093384E-01  7.429288E-07
        11  24 -3.527337E-13 -4.859651E-14 -1.915498E-13 -3.786170E-14 -1.125411E-01  1.328144E-06
        11  25  1.444677E+00  1.634984E-04  1.646350E-04 -2.211233E-03 -1.019966E-01  2.343095E-07
        11  26  1.499603E+00 -3.886974E-06 -4.907729E-06 -2.213632E-03 -9.879334E-02  7.429288E-07
        11  27  1.554529E+00 -1.716799E-04 -1.746251E-04 -2.216031E-03 -1.019960E-01  1.328144E-06
        12   1 -1.587484E+00 -1.532946E-04 -1.571373E-04 -2.225008E-03 -1.020018E-01 -2.530094E-06
        12   2 -1.642402E+00  4.567814E-07 -1.417558E-05 -2.212897E-03 -9.879821E-02 -1.318393E-06
        12   3 -1.697336E+00  1.154101E-04  1.121584E-04 -2.200786E-03 -1.019983E-01  7.186183E-06
        12   4  5.901050E-13 -2.457611E-14  3.020315E-14  8.333556E-15 -1.125310E-01 -2.530094E-06
        12   5  5.432629E-13 -5.341904E-14 -8.155502E-15  9.446678E-15 -1.093275E-01 -1.318393E-06
        12   6  5.299546E-13 -5.400477E-14  3.107824E-14  1.215620E-14 -1.125275E-01  7.186183E-06
        12   7  1.587484E+00  1.532946E-04  1.571373E-04  2.225008E-03 -1.020018E-01 -2.530094E-06
        12   8  1.642402E+00 -4.567814E-07  1.417558E-05  2.212897E-03 -9.879821E-02 -1.318393E-06
        12   9  1.697336E+00 -1.154101E-04 -1.121584E-04  2.200786E-03 -1.019983E-01  7.186183E-06
        12  10 -1.587529E+00 -1.728304E-04 -1.766730E-04 -2.559894E-13 -9.360603E-02  2.096578E-14
        12  11 -1.642447E+00 -1.907895E-05 -3.371131E-05 -2.410701E-13 -9.040643E-02  1.501287E-14
        12  12 -1.697382E+00  9.587436E-05  9.262263E-05 -2.267233E-13 -9.361041E-02  6.607777E-16
        12  13  1.469145E-13 -1.623715E-14 -3.479359E-14 -3.387816E-15 -1.041353E-01  3.701399E-14
        12  14  1.465606E-13 -1.341422E-14 -5.592576E-15 -5.419855E-15 -1.009357E-01  1.381805E-14
        12  15  1.384609E-13 -2.446868E-14  2.179824E-15 -5.344380E-15 -1.041396E-01  1.604208E-14
        12  16  1.587529E+00  1.728304E-04  1.766730E-04  2.508483E-13 -9.360603E-02  2.934045E-15
        12  17  1.642447E+00  1.907895E-05  3.371131E-05  2.381304E-13 -9.040643E-02 -2.425867E-14
        12  18  1.697382E+00 -9.587436E-05 -9.262263E-05  2.270617E-13 -9.361041E-02  9.962139E-15
        12  19 -1.587484E+00 -1.532946E-04 -1.571373E-04  2.225008E-03 -1.020018E-01  2.530094E-06
        12  20 -1.642402E+00  4.567814E-07 -1.417558E-05  2.212897E-03 -9.879821E-02  1.318393E-06
        12  21 -1.697336E+00  1.154101E-04  1.121584E-04  2.200786E-03 -1.019983E-01 -7.186183E-06
        12  22 -3.187457E-13 -3.715809E-14 -1.750759E-13 -1.692085E-14 -1.125310E-01  2.530094E-06
        12  23 -3.079517E-13 -3.477693E-14 -1.497781E-13 -2.262150E-14 -1.093275E-01  1.318393E-06
        12  24 -3.211519E-13 -6.512128E-14 -1.930805E-13 -2.540421E-14 -1.125275E-01 -7.186183E-06
        12  25  1.587484E+00  1.532946E-04  1.571373E-04 -2.225008E-03 -1.020018E-01  2.530094E-06
        12  26  1.642402E+00 -4.567814E-07  1.417558E-05 -2.212897E-03 -9.879821E-02  1.318393E-06
        12  27  1.697336E+00 -1.154101E-04 -1.121584E-04 -2.200786E-03 -1.019983E-01 -7.186183E-06
        13   1 -1.730391E+00 -2.753006E-04 -1.946923E-04 -2.162440E-03 -1.018879E-01 -3.520026E-06
        13   2 -1.785304E+00 -1.394481E-04  2.266576E-04 -2.085343E-03 -9.868751E-02 -4.595666E-05
        13   3 -1.840243E+00 -6.596287E-05  6.212787E-04 -2.008247E-03 -1.018991E-01 -7.667012E-05
        13   4  5.171674E-13 -5.300951E-14  3.963630E-14 -1.231633E-15 -1.125964E-01 -3.520026E-06
        13   5  5.145620E-13 -3.993277E-14  2.854755E-14  5.670945E-15 -1.093960E-01 -4.595666E-05
        13   6  5.147809E-13 -2.619540E-14  2.739810E-14  1.163879E-14 -1.126076E-01 -7.667012E-05
        13   7  1.730391E+00  2.753006E-04  1.946923E-04  2.162440E-03 -1.018879E-01 -3.520026E-06
        13   8  1.785304E+00  1.394481E-04 -2.266576E-04  2.085343E-03 -9.868751E-02 -4.595666E-05
        13   9  1.840243E+00  6.596287E-05 -6.212787E-04  2.008247E-03 -1.018991E-01 -7.667012E-05
        13  10 -1.730245E+00 -2.127591E-04 -1.321508E-04 -2.237528E-13 -9.357333E-02 -1.885397E-14
        13  11 -1.785158E+00 -7.690663E-05  2.891991E-04 -2.120411E-13 -9.036030E-02 -1.157408E-14
        13  12 -1.840097E+00 -3.421387E-06  6.838202E-04 -2.015651E-13 -9.355931E-02  1.291675E-14
        13  13  1.381588E-13 -2.645075E-14 -6.332027E-15  6.681741E-15 -1.042818E-01  1.753233E-14
        13  14  1.426658E-13 -6.082592E-15  9.668637E-15  1.563411E-14 -1.010688E-01 -3.124401E-15
        13  15  1.282372E-13 -3.444399E-15 -3.118112E-15  2.421261E-14 -1.042678E-01  3.019316E-14
        13  16  1.730245E+00  2.127591E-04  1.321508E-04  2.192764E-13 -9.357333E-02  1.990693E-14
        13  17  1.785158E+00  7.690663E-05 -2.891991E-04  1.995653E-13 -9.036030E-02  2.780603E-14
        13  18  1.840097E+00  3.421387E-06 -6.838202E-04  1.817398E-13 -9.355931E-02  5.392528E-14
        13  19 -1.730391E+00 -2.753006E-04 -1.946923E-04  2.162440E-03 -1.018879E-01  3.520026E-06
        13  20 -1.785304E+00 -1.394481E-04  2.266576E-04  2.085343E-03 -9.868751E-02  4.595666E-05
        13  21 -1.840243E+00 -6.596287E-05  6.212787E-04  2.008247E-03 -1.018991E-01  7.667012E-05
        13  22 -2.708709E-13 -4.932554E-14 -1.871319E-13  1.159652E-14 -1.125964E-01  3.520026E-06
        13  23 -2.569637E-13 -1.888235E-14 -1.368284E-13  2.331730E-14 -1.093960E-01  4.595666E-05
        13  24 -2.556747E-13 -3.195252E-15 -1.114576E-13  3.376273E-14 -1.126076E-01  7.667012E-05
        13  25  1.730391E+00  2.753006E-04  1.946923E-04 -2.162440E-03 -1.018879E-01  3.520026E-06
        13  26  1.785304E+00  1.394481E-04 -2.266576E-04 -2.085343E-03 -9.868751E-02  4.595666E-05
        13  27  1.840243E+00  6.596287E-05 -6.212787E-04 -2.008247E-03 -1.018991E-01  7.667012E-05
        14   1 -1.874679E+00 -1.132701E-03 -8.115753E-04 -2.107861E-03 -1.028931E-01  1.159066E-04
        14   2 -1.929508E+00 -1.417385E-03 -2.522205E-03 -9.241229E-04 -9.986610E-02  8.588503E-04
        14   3 -1.984542E+00 -2.180161E-03 -4.437733E-03  2.596153E-04 -1.031524E-01  1.691661E-03
        14   4  5.810326E-13  7.526860E-15  3.426630E-14  2.991835E-14 -1.123113E-01  1.159066E-04
        14   5  5.713264E-13  1.187995E-14 -2.852928E-14  2.426071E-14 -1.092843E-01  8.588503E-04
        14   6  6.087127E-13  5.998178E-14  2.308719E-14  1.494419E-14 -1.125706E-01  1.691661E-03
        14   7  1.874679E+00  1.132701E-03  8.115753E-04  2.107861E-03 -1.028931E-01  1.159066E-04
        14   8  1.929508E+00  1.417385E-03  2.522205E-03  9.241229E-04 -9.986610E-02  8.588503E-04
        14   9  1.984542E+00  2.180161E-03  4.437733E-03 -2.596153E-04 -1.031524E-01  1.691661E-03
        14  10 -1.871306E+00  3.130002E-04  6.341261E-04 -2.118406E-13 -9.355774E-02  3.147447E-14
        14  11 -1.926135E+00  2.831683E-05 -1.076504E-03 -1.902519E-13 -9.023906E-02  3.138341E-14
        14  12 -1.981169E+00 -7.344598E-04 -2.992031E-03 -1.771233E-13 -9.323361E-02 -1.351956E-14
        14  13  1.158630E-13 -4.769395E-15 -1.220842E-14  5.196704E-14 -1.029760E-01  2.494816E-14
        14  14  1.123521E-13  7.836466E-15  1.328832E-14  4.927184E-14 -9.965728E-02  1.470541E-14
        14  15  1.135938E-13  2.003826E-14  4.791622E-14  4.299492E-14 -1.026518E-01 -3.761438E-15
        14  16  1.871306E+00 -3.130002E-04 -6.341261E-04  1.646937E-13 -9.355774E-02  4.546159E-14
        14  17  1.926135E+00 -2.831683E-05  1.076504E-03  1.555359E-13 -9.023906E-02 -5.282118E-15
        14  18  1.981169E+00  7.344598E-04  2.992031E-03  1.450946E-13 -9.323361E-02 -1.364862E-14
        14  19 -1.874679E+00 -1.132701E-03 -8.115753E-04  2.107861E-03 -1.028931E-01 -1.159066E-04
        14  20 -1.929508E+00 -1.417385E-03 -2.522205E-03  9.241229E-04 -9.986610E-02 -8.588503E-04
        14  21 -1.984542E+00 -2.180161E-03 -4.437733E-03 -2.596153E-04 -1.031524E-01 -1.691661E-03
        14  22 -3.172824E-13 -1.458777E-14 -8.248487E-14  5.693305E-14 -1.123113E-01 -1.159066E-04
        14  23 -2.875038E-13  3.209081E-14  8.986889E-14  5.730422E-14 -1.092843E-01 -8.588503E-04
        14  24 -2.839407E-13  4.624271E-14  1.955060E-13  5.440173E-14 -1.125706E-01 -1.691661E-03
        14  25  1.874679E+00  1.132701E-03  8.115753E-04 -2.107861E-03 -1.028931E-01 -1.159066E-04
        14  26  1.929508E+00  1.417385E-03  2.522205E-03 -9.241229E-04 -9.986610E-02 -8.588503E-04
        14  27  1.984542E+00  2.180161E-03  4.437733E-03  2.596153E-04 -1.031524E-01 -1.691661E-03
        15   1 -2.020051E+00 -4.936537E-03 -2.782162E-03  5.474231E-03 -9.587605E-02  6.833812E-04
        15   2 -2.079045E+00  2.065280E-04  1.137762E-02 -3.048375E-03 -9.261198E-02 -6.014917E-03
        15   3 -2.129766E+00  2.465607E-02  3.381160E-02 -1.157098E-02 -9.688985E-02 -1.634225E-02
        15   4  5.632869E-13  5.469385E-14  3.170856E-14 -1.453096E-14 -1.151370E-01  6.833812E-04
        15   5  5.687893E-13  8.158052E-14  8.126972E-14 -1.962840E-14 -1.118729E-01 -6.014917E-03
        15   6  5.864652E-13  1.316724E-13  1.499826E-13 -2.154341E-14 -1.161508E-01 -1.634225E-02
        15   7  2.020051E+00  4.936537E-03  2.782162E-03 -5.474231E-03 -9.587605E-02  6.833812E-04
        15   8  2.079045E+00 -2.065280E-04 -1.137762E-02  3.048375E-03 -9.261198E-02 -6.014917E-03
        15   9  2.129766E+00 -2.465607E-02 -3.381160E-02  1.157098E-02 -9.688985E-02 -1.634225E-02
        15  10 -2.006863E+00  7.156254E-04  2.870000E-03 -1.716372E-13 -9.310066E-02 -1.901196E-14
        15  11 -2.065857E+00  5.858690E-03  1.702978E-02 -1.741601E-13 -8.869607E-02 -1.634130E-14
        15  12 -2.116577E+00  3.030823E-02  3.946377E-02 -1.692924E-13 -9.183341E-02 -2.346808E-14
        15  13  8.824262E-14  1.215043E-14  4.719410E-14  7.319459E-15 -1.123616E-01 -1.134310E-14
        15  14  9.189737E-14  2.323232E-14  4.592303E-14  3.307678E-15 -1.079570E-01  7.259574E-15
        15  15  8.378916E-14  3.313834E-14  6.617944E-15  2.655461E-15 -1.110943E-01  1.497241E-14
        15  16  2.006863E+00 -7.156254E-04 -2.870000E-03  1.955388E-13 -9.310066E-02 -9.680741E-15
        15  17  2.065857E+00 -5.858690E-03 -1.702978E-02  2.047867E-13 -8.869607E-02 -9.954478E-15
        15  18  2.116577E+00 -3.030823E-02 -3.946377E-02  2.141728E-13 -9.183341E-02 -8.911705E-15
        15  19 -2.020051E+00 -4.936537E-03 -2.782162E-03 -5.474231E-03 -9.587605E-02 -6.833812E-04
        15  20 -2.079045E+00  2.065280E-04  1.137762E-02  3.048375E-03 -9.261198E-02  6.014917E-03
        15  21 -2.129766E+00  2.465607E-02  3.381160E-02  1.157098E-02 -9.688985E-02  1.634225E-02
        15  22 -4.054210E-13 -1.866399E-15  1.766470E-13  2.911051E-14 -1.151370E-01 -6.833812E-04
        15  23 -3.410042E-13  5.484879E-14  2.670612E-13  2.644851E-14 -1.118729E-01  6.014917E-03
        15  24 -2.854257E-13  1.131076E-13  3.246921E-13  2.698967E-14 -1.161508E-01  1.634225E-02
        15  25  2.020051E+00  4.936537E-03  2.782162E-03  5.474231E-03 -9.587605E-02 -6.833812E-04
        15  26  2.079045E+00 -2.065280E-04 -1.137762E-02 -3.048375E-03 -9.261198E-02  6.014917E-03
        15  27  2.129766E+00 -2.465607E-02 -3.381160E-02 -1.157098E-02 -9.688985E-02  1.634225E-02
        16   1 -2.145920E+00  4.805193E-02  6.125745E-03 -4.698071E-02 -1.919962E-01  3.765199E-03
        16   2 -2.195550E+00  6.081537E-02 -1.378572E-01 -3.961372E-02 -1.900983E-01  8.871136E-02
        16   3 -2.256403E+00  4.739314E-02 -2.930625E-01 -3.224673E-02 -1.893954E-01  1.785796E-01
        16   4  5.620579E-13  1.151320E-13  1.320062E-13  3.428502E-14 -1.075430E-01  3.765199E-03
        16   5  4.728993E-13 -2.278579E-15 -3.384467E-14  3.920700E-14 -1.056451E-01  8.871136E-02
        16   6  4.027342E-13 -9.402533E-14 -1.617513E-13  4.689033E-14 -1.049421E-01  1.785796E-01
        16   7  2.145920E+00 -4.805193E-02 -6.125745E-03  4.698071E-02 -1.919962E-01  3.765199E-03
        16   8  2.195550E+00 -6.081537E-02  1.378572E-01  3.961372E-02 -1.900983E-01  8.871136E-02
        16   9  2.256403E+00 -4.739314E-02  2.930625E-01  3.224673E-02 -1.893954E-01  1.785796E-01
        16  10 -2.179754E+00  3.355150E-02 -8.374690E-03 -1.583982E-13 -7.349111E-02 -3.534501E-14
        16  11 -2.229385E+00  4.631494E-02 -1.523576E-01 -1.667221E-13 -7.451919E-02 -3.898938E-14
        16  12 -2.290237E+00  3.289271E-02 -3.075629E-01 -1.706068E-13 -7.674219E-02 -2.216674E-14
        16  13  1.053846E-13  3.883052E-14  1.480424E-14 -9.144212E-15  1.096216E-02  1.548029E-15
        16  14  1.128298E-13  9.772208E-15  3.962664E-14 -2.196256E-15  9.934088E-03 -4.486128E-15
        16  15  1.236957E-13 -9.571282E-15  6.554368E-14  6.955116E-15  7.711087E-03  7.099689E-15
        16  16  2.179754E+00 -3.355150E-02  8.374690E-03  2.058481E-13 -7.349111E-02 -9.561705E-15
        16  17  2.229385E+00 -4.631494E-02  1.523576E-01  2.100622E-13 -7.451919E-02 -1.007255E-14
        16  18  2.290237E+00 -3.289271E-02  3.075629E-01  2.183672E-13 -7.674219E-02  1.724357E-15
        16  19 -2.145920E+00  4.805193E-02  6.125745E-03  4.698071E-02 -1.919962E-01 -3.765199E-03
        16  20 -2.195550E+00  6.081537E-02 -1.378572E-01  3.961372E-02 -1.900983E-01 -8.871136E-02
        16  21 -2.256403E+00  4.739314E-02 -2.930625E-01  3.224673E-02 -1.893954E-01 -1.785796E-01
        16  22 -1.988190E-13  1.386357E-13  3.320068E-13 -5.071653E-14 -1.075430E-01 -3.765199E-03
        16  23 -2.702952E-13  2.216507E-14  1.375902E-13 -4.198694E-14 -1.056451E-01 -8.871136E-02
        16  24 -3.179291E-13 -6.389544E-14 -7.465455E-15 -3.103035E-14 -1.049421E-01 -1.785796E-01
        16  25  2.145920E+00 -4.805193E-02 -6.125745E-03 -4.698071E-02 -1.919962E-01 -3.765199E-03
        16  26  2.195550E+00 -6.081537E-02  1.378572E-01 -3.961372E-02 -1.900983E-01 -8.871136E-02
        16  27  2.256403E+00 -4.739314E-02  2.930625E-01 -3.224673E-02 -1.893954E-01 -1.785796E-01
        17   1 -2.256403E+00  4.739314E-02 -2.930625E-01  3.224673E-02  1.893954E-01  1.785796E-01
        17   2 -2.195550E+00  6.081537E-02 -1.378572E-01  3.961372E-02  1.900983E-01  8.871136E-02
        17   3 -2.145920E+00  4.805193E-02  6.125745E-03  4.698071E-02  1.919962E-01  3.765199E-03
        17   4  5.102073E-13 -5.716758E-14 -1.401531E-13  1.096748E-14  1.049421E-01  1.785796E-01
        17   5  5.347259E-13 -1.815741E-14 -1.054413E-13  1.998246E-15  1.056451E-01  8.871136E-02
        17   6  5.793666E-13  4.214535E-14 -2.272967E-14 -8.148277E-15  1.075430E-01  3.765199E-03
        17   7  2.256403E+00 -4.739314E-02  2.930625E-01 -3.224673E-02  1.893954E-01  1.785796E-01
        17   8  2.195550E+00 -6.081537E-02  1.378572E-01 -3.961372E-02  1.900983E-01  8.871136E-02
        17   9  2.145920E+00 -4.805193E-02 -6.125745E-03 -4.698071E-02  1.919962E-01  3.765199E-03
        17  10 -2.290237E+00  3.289271E-02 -3.075629E-01 -2.039859E-13  7.674219E-02 -1.038445E-14
        17  11 -2.229385E+00  4.631494E-02 -1.523576E-01 -1.938420E-13  7.451919E-02  8.854294E-15
        17  12 -2.179754E+00  3.355150E-02 -8.374690E-03 -1.857063E-13  7.349111E-02  2.134903E-14
        17  13  1.167752E-13 -1.129961E-14  7.148709E-14  1.303460E-14 -7.711087E-03  1.465906E-14
        17  14  1.021541E-13 -6.373816E-15  3.442613E-14  1.757390E-14 -9.934088E-03 -1.536659E-14
        17  15  9.727770E-14  8.792730E-15  1.901399E-14  2.071503E-14 -1.096216E-02 -2.113705E-15
        17  16  2.290237E+00 -3.289271E-02  3.075629E-01  2.021566E-13  7.674219E-02 -4.222088E-15
        17  17  2.229385E+00 -4.631494E-02  1.523576E-01  1.986138E-13  7.451919E-02  5.597053E-15
        17  18  2.179754E+00 -3.355150E-02  8.374690E-03  1.952300E-13  7.349111E-02  3.060368E-14
        17  19 -2.256403E+00  4.739314E-02 -2.930625E-01 -3.224673E-02  1.893954E-01 -1.785796E-01
        17  20 -2.195550E+00  6.081537E-02 -1.378572E-01 -3.961372E-02  1.900983E-01 -8.871136E-02
        17  21 -2.145920E+00  4.805193E-02  6.125745E-03 -4.698071E-02  1.919962E-01 -3.765199E-03
        17  22 -3.268588E-13 -7.146269E-14 -1.988538E-14  1.441407E-14  1.049421E-01 -1.785796E-01
        17  23 -2.916060E-13 -1.163592E-14  7.836626E-14  3.249997E-14  1.056451E-01 -8.871136E-02
        17  24 -2.535183E-13  5.115766E-14  1.815602E-13  4.925026E-14  1.075430E-01 -3.765199E-03
        17  25  2.256403E+00 -4.739314E-02  2.930625E-01  3.224673E-02  1.893954E-01 -1.785796E-01
        17  26  2.195550E+00 -6.081537E-02  1.378572E-01  3.961372E-02  1.900983E-01 -8.871136E-02
        17  27  2.145920E+00 -4.805193E-02 -6.125745E-03  4.698071E-02  1.919962E-01 -3.765199E-03
        18   1 -2.129766E+00  2.465607E-02  3.381160E-02  1.157098E-02  9.688985E-02 -1.634225E-02
        18   2 -2.079045E+00  2.065280E-04  1.137762E-02  3.048375E-03  9.261198E-02 -6.014917E-03
        18   3 -2.020051E+00 -4.936537E-03 -2.782162E-03 -5.474231E-03  9.587605E-02  6.833812E-04
        18   4  5.406252E-13  2.690179E-14 -5.457832E-14  8.958736E-15  1.161508E-01 -1.634225E-02
        18   5  5.184318E-13 -2.716659E-15 -1.398496E-13  1.387324E-14  1.118729E-01 -6.014917E-03
        18   6  5.270718E-13  3.441239E-15 -1.596015E-13  1.627050E-14  1.151370E-01  6.833812E-04
        18   7  2.129766E+00 -2.465607E-02 -3.381160E-02 -1.157098E-02  9.688985E-02 -1.634225E-02
        18   8  2.079045E+00 -2.065280E-04 -1.137762E-02 -3.048375E-03  9.261198E-02 -6.014917E-03
        18   9  2.020051E+00  4.936537E-03  2.782162E-03  5.474231E-03  9.587605E-02  6.833812E-04
        18  10 -2.116577E+00  3.030823E-02  3.946377E-02 -1.498756E-13  9.183341E-02  3.340425E-14
        18  11 -2.065857E+00  5.858690E-03  1.702978E-02 -1.379622E-13  8.869607E-02  3.806671E-14
        18  12 -2.006863E+00  7.156254E-04  2.870000E-03 -1.318924E-13  9.310066E-02  3.184282E-14
        18  13  1.404440E-13  2.330517E-14  1.497239E-14  1.526357E-14  1.110943E-01  4.692814E-15
        18  14  1.262453E-13  2.854202E-15 -1.249870E-14  1.542162E-14  1.079570E-01 -7.348063E-15
        18  15  1.301656E-13  6.619721E-15 -2.318420E-16  1.358901E-14  1.123616E-01 -1.048442E-14
        18  16  2.116577E+00 -3.030823E-02 -3.946377E-02  1.662788E-13  9.183341E-02  2.762023E-14
        18  17  2.065857E+00 -5.858690E-03 -1.702978E-02  1.647189E-13  8.869607E-02  9.936102E-15
        18  18  2.006863E+00 -7.156254E-04 -2.870000E-03  1.641545E-13  9.310066E-02  1.804674E-14
        18  19 -2.129766E+00  2.465607E-02  3.381160E-02 -1.157098E-02  9.688985E-02  1.634225E-02
        18  20 -2.079045E+00  2.065280E-04  1.137762E-02 -3.048375E-03  9.261198E-02  6.014917E-03
        18  21 -2.020051E+00 -4.936537E-03 -2.782162E-03  5.474231E-03  9.587605E-02 -6.833812E-04
        18  22 -2.865705E-13  3.723327E-14  1.699575E-13  1.285314E-14  1.161508E-01  1.634225E-02
        18  23 -3.384987E-13 -1.889358E-14  9.627350E-14  8.389965E-15  1.118729E-01  6.014917E-03
        18  24 -3.794251E-13 -5.883620E-14  4.248522E-14  2.009493E-15  1.151370E-01 -6.833812E-04
        18  25  2.129766E+00 -2.465607E-02 -3.381160E-02  1.157098E-02  9.688985E-02  1.634225E-02
        18  26  2.079045E+00 -2.065280E-04 -1.137762E-02  3.048375E-03  9.261198E-02  6.014917E-03
        18  27  2.020051E+00  4.936537E-03  2.782162E-03 -5.474231E-03  9.587605E-02 -6.833812E-04
        19   1 -1.984542E+00 -2.180161E-03 -4.437733E-03 -2.596153E-04  1.031524E-01  1.691661E-03
        19   2 -1.929508E+00 -1.417385E-03 -2.522205E-03  9.241229E-04  9.986610E-02  8.588503E-04
        19   3 -1.874679E+00 -1.132701E-03 -8.115753E-04  2.107861E-03  1.028931E-01  1.159066E-04
        19   4  5.232516E-13 -8.254830E-15 -1.870247E-13  6.245806E-15  1.125706E-01  1.691661E-03
        19   5  4.682358E-13 -5.571383E-14 -2.120750E-13  3.761182E-15  1.092843E-01  8.588503E-04
        19   6  4.351146E-13 -8.392064E-14 -1.863599E-13  7.460158E-15  1.123113E-01  1.159066E-04
        19   7  1.984542E+00  2.180161E-03  4.437733E-03  2.596153E-04  1.031524E-01  1.691661E-03
        19   8  1.929508E+00  1.417385E-03  2.522205E-03 -9.241229E-04  9.986610E-02  8.588503E-04
        19   9  1.874679E+00  1.132701E-03  8.115753E-04 -2.107861E-03  1.028931E-01  1.159066E-04
        19  10 -1.981169E+00 -7.344598E-04 -2.992031E-03 -1.190727E-13  9.323361E-02  2.376998E-14
        19  11 -1.926135E+00  2.831683E-05 -1.076504E-03 -1.190467E-13  9.023906E-02  2.098066E-14
        19  12 -1.871306E+00  3.130002E-04  6.341261E-04 -1.076634E-13  9.355774E-02  1.392913E-14
        19  13  1.627657E-13  1.801236E-14  8.696927E-15 -1.687338E-14  1.026518E-01 -2.515254E-15
        19  14  1.524445E-13 -2.604110E-15 -2.050659E-14 -1.892424E-14  9.965728E-02  2.717338E-15
        19  15  1.497921E-13 -1.773248E-14 -3.082137E-14 -1.441828E-14  1.029760E-01  6.460979E-15
        19  16  1.981169E+00  7.344598E-04  2.992031E-03  1.909471E-13  9.323361E-02  1.630886E-14
        19  17  1.926135E+00 -2.831683E-05  1.076504E-03  1.841047E-13  9.023906E-02  7.490104E-15
        19  18  1.871306E+00 -3.130002E-04 -6.341261E-04  1.772314E-13  9.355774E-02  2.083367E-14
        19  19 -1.984542E+00 -2.180161E-03 -4.437733E-03  2.596153E-04  1.031524E-01 -1.691661E-03
        19  20 -1.929508E+00 -1.417385E-03 -2.522205E-03 -9.241229E-04  9.986610E-02 -8.588503E-04
        19  21 -1.874679E+00 -1.132701E-03 -8.115753E-04 -2.107861E-03  1.028931E-01 -1.159066E-04
        19  22 -2.431686E-13 -1.551874E-14  5.046519E-14 -2.834862E-14  1.125706E-01 -1.691661E-03
        19  23 -2.350619E-13 -3.455035E-14 -4.103925E-14 -2.937638E-14  1.092843E-01 -8.588503E-04
        19  24 -2.245608E-13 -5.200843E-14 -1.213922E-13 -2.400432E-14  1.123113E-01 -1.159066E-04
        19  25  1.984542E+00  2.180161E-03  4.437733E-03 -2.596153E-04  1.031524E-01 -1.691661E-03
        19  26  1.929508E+00  1.417385E-03  2.522205E-03  9.241229E-04  9.986610E-02 -8.588503E-04
        19  27  1.874679E+00  1.132701E-03  8.115753E-04  2.107861E-03  1.028931E-01 -1.159066E-04
        20   1 -1.840243E+00 -6.596287E-05  6.212787E-04  2.008247E-03  1.018991E-01 -7.667012E-05
        20   2 -1.785304E+00 -1.394481E-04  2.266576E-04  2.085343E-03  9.868751E-02 -4.595666E-05
        20   3 -1.730391E+00 -2.753006E-04 -1.946923E-04  2.162440E-03  1.018879E-01 -3.520025E-06
        20   4  3.917707E-13 -8.927658E-14 -1.653945E-13 -3.046047E-14  1.126076E-01 -7.667012E-05
        20   5  4.359040E-13 -1.813439E-14 -6.393017E-14 -2.922714E-14  1.093960E-01 -4.595666E-05
        20   6  4.628417E-13  3.286195E-14  1.281314E-14 -2.734762E-14  1.125964E-01 -3.520025E-06
        20   7  1.840243E+00  6.596287E-05 -6.212787E-04 -2.008247E-03  1.018991E-01 -7.667012E-05
        20   8  1.785304E+00  1.394481E-04 -2.266576E-04 -2.085343E-03  9.868751E-02 -4.595666E-05
        20   9  1.730391E+00  2.753006E-04  1.946923E-04 -2.162440E-03  1.018879E-01 -3.520025E-06
        20  10 -1.840097E+00 -3.421388E-06  6.838202E-04 -1.153445E-13  9.355931E-02  1.406438E-14
        20  11 -1.785158E+00 -7.690664E-05  2.891991E-04 -9.855830E-14  9.036030E-02  3.570771E-14
        20  12 -1.730245E+00 -2.127591E-04 -1.321508E-04 -8.475860E-14  9.357333E-02  3.754201E-14
        20  13  8.079194E-14 -3.953279E-14 -4.454287E-14 -9.132803E-15  1.042678E-01  1.525286E-14
        20  14  8.821184E-14 -1.528706E-14 -3.219715E-14 -5.181445E-15  1.010688E-01  2.092212E-14
        20  15  8.027275E-14 -1.283124E-14 -5.162982E-14 -3.332534E-16  1.042818E-01  5.053165E-15
        20  16  1.840097E+00  3.421388E-06 -6.838202E-04  1.359141E-13  9.355931E-02  3.096800E-14
        20  17  1.785158E+00  7.690664E-05 -2.891991E-04  1.286945E-13  9.036030E-02  3.156457E-14
        20  18  1.730245E+00  2.127591E-04  1.321508E-04  1.262827E-13  9.357333E-02  3.469706E-14
        20  19 -1.840243E+00 -6.596287E-05  6.212787E-04 -2.008247E-03  1.018991E-01  7.667012E-05
        20  20 -1.785304E+00 -1.394481E-04  2.266576E-04 -2.085343E-03  9.868751E-02  4.595666E-05
        20  21 -1.730391E+00 -2.753006E-04 -1.946923E-04 -2.162440E-03  1.018879E-01  3.520025E-06
        20  22 -2.719708E-13 -7.159529E-14 -1.542984E-13  4.280514E-15  1.126076E-01  7.667012E-05
        20  23 -2.228488E-13 -1.745534E-14 -5.359203E-14  1.144185E-14  1.093960E-01  4.595666E-05
        20  24 -1.998716E-13  4.322553E-15 -8.859186E-15  1.881853E-14  1.125964E-01  3.520025E-06
        20  25  1.840243E+00  6.596287E-05 -6.212787E-04  2.008247E-03  1.018991E-01  7.667012E-05
        20  26  1.785304E+00  1.394481E-04 -2.266576E-04  2.085343E-03  9.868751E-02  4.595666E-05
        20  27  1.730391E+00  2.753006E-04  1.946923E-04  2.162440E-03  1.018879E-01  3.520025E-06
        21   1 -1.697336E+00  1.154101E-04  1.121583E-04  2.200786E-03  1.019983E-01  7.186184E-06
        21   2 -1.642402E+00  4.567517E-07 -1.417560E-05  2.212897E-03  9.879821E-02 -1.318392E-06
        21   3 -1.587484E+00 -1.532947E-04 -1.571373E-04  2.225008E-03  1.020018E-01 -2.530090E-06
        21   4  3.711709E-13  2.769437E-15 -1.304325E-14 -1.080413E-14  1.125275E-01  7.186184E-06
        21   5  3.687345E-13 -1.203736E-14 -6.090667E-14  7.710844E-15  1.093275E-01 -1.318392E-06
        21   6  3.604893E-13 -3.455999E-14 -1.156735E-13  2.342007E-14  1.125310E-01 -2.530090E-06
        21   7  1.697336E+00 -1.154101E-04 -1.121583E-04 -2.200786E-03  1.019983E-01  7.186184E-06
        21   8  1.642402E+00 -4.567517E-07  1.417560E-05 -2.212897E-03  9.879821E-02 -1.318392E-06
        21   9  1.587484E+00  1.532947E-04  1.571373E-04 -2.225008E-03  1.020018E-01 -2.530090E-06
        21  10 -1.697382E+00  9.587436E-05  9.262264E-05 -9.986295E-14  9.361041E-02  3.400469E-14
        21  11 -1.642447E+00 -1.907896E-05 -3.371131E-05 -8.258523E-14  9.040643E-02  8.421567E-16
        21  12 -1.587529E+00 -1.728304E-04 -1.766730E-04 -7.005555E-14  9.360603E-02 -9.517707E-15
        21  13  9.375047E-14 -8.201604E-15 -5.402420E-14  7.801776E-15  1.041396E-01  1.911952E-15
        21  14  9.815813E-14 -6.674090E-15 -4.085953E-14  1.555657E-14  1.009357E-01 -1.559801E-15
        21  15  9.605361E-14 -1.413877E-14 -3.803822E-14  2.060095E-14  1.041353E-01 -3.409262E-14
        21  16  1.697382E+00 -9.587436E-05 -9.262264E-05  9.228329E-14  9.361041E-02  2.958740E-14
        21  17  1.642447E+00  1.907896E-05  3.371131E-05  8.987655E-14  9.040643E-02  2.071422E-14
        21  18  1.587529E+00  1.728304E-04  1.766730E-04  8.297985E-14  9.360603E-02 -1.737501E-14
        21  19 -1.697336E+00  1.154101E-04  1.121583E-04 -2.200786E-03  1.019983E-01 -7.186184E-06
        21  20 -1.642402E+00  4.567517E-07 -1.417560E-05 -2.212897E-03  9.879821E-02  1.318392E-06
        21  21 -1.587484E+00 -1.532947E-04 -1.571373E-04 -2.225008E-03  1.020018E-01  2.530090E-06
        21  22 -1.979621E-13 -8.910869E-16 -1.981153E-14  2.274550E-14  1.125275E-01 -7.186184E-06
        21  23 -2.350044E-13 -3.186204E-14 -6.013772E-14  2.004653E-14  1.093275E-01  1.318392E-06
        21  24 -2.551741E-13 -4.681552E-14 -5.075245E-14  1.364641E-14  1.125310E-01  2.530090E-06
        21  25  1.697336E+00 -1.154101E-04 -1.121583E-04  2.200786E-03  1.019983E-01 -7.186184E-06
        21  26  1.642402E+00 -4.567517E-07  1.417560E-05  2.212897E-03  9.879821E-02  1.318392E-06
        21  27  1.587484E+00  1.532947E-04  1.571373E-04  2.225008E-03  1.020018E-01  2.530090E-06
        22   1 -1.554529E+00  1.716797E-04  1.746250E-04  2.216031E-03  1.019960E-01 -1.328124E-06
        22   2 -1.499603E+00  3.886883E-06  4.907719E-06  2.213632E-03  9.879334E-02 -7.428780E-07
        22   3 -1.444677E+00 -1.634983E-04 -1.646348E-04  2.211233E-03  1.019966E-01 -2.342645E-07
        22   4  3.357526E-13 -3.918966E-14 -1.045612E-13 -3.917075E-15  1.125411E-01 -1.328124E-06
        22   5  3.496955E-13 -3.737111E-15 -2.001481E-14 -8.800892E-15  1.093384E-01 -7.428781E-07
        22   6  3.327730E-13  5.031764E-15 -2.182945E-15 -1.228071E-14  1.125417E-01 -2.342645E-07
        22   7  1.554529E+00 -1.716797E-04 -1.746250E-04 -2.216031E-03  1.019960E-01 -1.328124E-06
        22   8  1.499603E+00 -3.886883E-06 -4.907719E-06 -2.213632E-03  9.879334E-02 -7.428781E-07
        22   9  1.444677E+00  1.634983E-04  1.646348E-04 -2.211233E-03  1.019966E-01 -2.342645E-07
        22  10 -1.554537E+00  1.681814E-04  1.711266E-04 -7.678786E-14  9.359855E-02 -9.801620E-15
        22  11 -1.499611E+00  3.884933E-07  1.409330E-06 -8.108923E-14  9.039518E-02 -2.506358E-14
        22  12 -1.444685E+00 -1.669967E-04 -1.681332E-04 -8.130676E-14  9.359777E-02 -2.756006E-15
        22  13  8.116141E-14 -2.042693E-14 -3.870027E-14  1.198615E-15  1.041437E-01 -3.481796E-14
        22  14  8.703280E-14 -2.713373E-15 -6.010509E-15 -3.766575E-15  1.009403E-01 -1.382926E-14
        22  15  7.493692E-14  1.171963E-15 -9.896688E-15 -5.404557E-15  1.041429E-01 -8.627750E-15
        22  16  1.554537E+00 -1.681814E-04 -1.711266E-04  1.238310E-13  9.359855E-02 -1.723807E-14
        22  17  1.499611E+00 -3.884933E-07 -1.409329E-06  1.165010E-13  9.039518E-02 -3.745701E-15
        22  18  1.444685E+00  1.669967E-04  1.681332E-04  1.114837E-13  9.359777E-02 -2.164784E-14
        22  19 -1.554529E+00  1.716797E-04  1.746250E-04 -2.216031E-03  1.019960E-01  1.328124E-06
        22  20 -1.499603E+00  3.886883E-06  4.907719E-06 -2.213632E-03  9.879334E-02  7.428780E-07
        22  21 -1.444677E+00 -1.634983E-04 -1.646348E-04 -2.211233E-03  1.019966E-01  2.342645E-07
        22  22 -2.106471E-13 -2.793525E-14 -2.319218E-14  6.566242E-15  1.125411E-01  1.328124E-06
        22  23 -1.896976E-13 -8.608021E-15 -1.148053E-15  1.409709E-15  1.093384E-01  7.428780E-07
        22  24 -1.650045E-13  1.854194E-14  3.503857E-14  1.298349E-15  1.125417E-01  2.342645E-07
        22  25  1.554529E+00 -1.716797E-04 -1.746250E-04  2.216031E-03  1.019960E-01  1.328124E-06
        22  26  1.499603E+00 -3.886883E-06 -4.907719E-06  2.213632E-03  9.879334E-02  7.428780E-07
        22  27  1.444677E+00  1.634983E-04  1.646348E-04  2.211233E-03  1.019966E-01  2.342644E-07
        23   1 -1.411713E+00  1.669432E-04  1.653923E-04  2.211039E-03  1.019979E-01 -7.016178E-08
        23   2 -1.356787E+00  3.487263E-07 -4.308896E-07  2.210757E-03  9.879505E-02 -2.432321E-09
        23   3 -1.301861E+00 -1.659403E-04 -1.661232E-04  2.210475E-03  1.019980E-01  7.883019E-09
        23   4  3.342059E-13  1.485177E-14  1.649035E-14 -7.814593E-15  1.125408E-01 -7.016174E-08
        23   5  3.406015E-13  2.375434E-14  4.669407E-14 -4.298762E-15  1.093379E-01 -2.432293E-09
        23   6  3.221435E-13  3.946466E-15  3.343553E-14  4.200651E-15  1.125408E-01  7.882982E-09
        23   7  1.411713E+00 -1.669432E-04 -1.653923E-04 -2.211039E-03  1.019979E-01 -7.016175E-08
        23   8  1.356787E+00 -3.487262E-07  4.308897E-07 -2.210757E-03  9.879505E-02 -2.432243E-09
        23   9  1.301861E+00  1.659403E-04  1.661232E-04 -2.210475E-03  1.019980E-01  7.883031E-09
        23  10 -1.411713E+00  1.667926E-04  1.652417E-04 -9.476072E-14  9.359829E-02 -1.852346E-15
        23  11 -1.356787E+00  1.981403E-07 -5.814756E-07 -9.877073E-14  9.039539E-02  4.862823E-15
        23  12 -1.301861E+00 -1.660908E-04 -1.662737E-04 -9.621836E-14  9.359826E-02  1.416909E-14
        23  13  1.929555E-14 -2.430345E-14 -5.842298E-14 -4.985617E-15  1.041412E-01 -6.101928E-15
        23  14  5.595599E-14  3.587222E-15 -1.628940E-14 -3.827668E-15  1.009382E-01  1.052725E-14
        23  15  5.968996E-14 -9.957595E-15 -5.196201E-14  2.128907E-15  1.041411E-01 -8.778089E-17
        23  16  1.411713E+00 -1.667926E-04 -1.652417E-04  1.108207E-13  9.359829E-02 -2.400485E-14
        23  17  1.356787E+00 -1.981403E-07  5.814756E-07  1.180134E-13  9.039539E-02  1.933039E-15
        23  18  1.301861E+00  1.660908E-04  1.662737E-04  1.253650E-13  9.359826E-02  1.134013E-14
        23  19 -1.411713E+00  1.669432E-04  1.653923E-04 -2.211039E-03  1.019979E-01  7.016177E-08
        23  20 -1.356787E+00  3.487262E-07 -4.308897E-07 -2.210757E-03  9.879505E-02  2.432280E-09
        23  21 -1.301861E+00 -1.659403E-04 -1.661232E-04 -2.210475E-03  1.019980E-01 -7.882991E-09
        23  22 -1.989199E-13  1.274620E-14  2.383676E-14  3.461982E-15  1.125408E-01  7.016174E-08
        23  23 -1.676640E-13  2.364765E-14 -6.206513E-15  2.497775E-15  1.093379E-01  2.432309E-09
        23  24 -1.333295E-13  2.969170E-14 -2.824532E-14  5.206544E-15  1.125408E-01 -7.882996E-09
        23  25  1.411713E+00 -1.669432E-04 -1.653923E-04  2.211039E-03  1.019979E-01  7.016172E-08
        23  26  1.356787E+00 -3.487262E-07  4.308896E-07  2.210757E-03  9.879505E-02  2.432283E-09
        23  27  1.301861E+00  1.659403E-04  1.661232E-04  2.210475E-03  1.019980E-01 -7.883033E-09
        24   1 -1.268893E+00  1.663082E-04  1.662880E-04  2.210428E-03  1.019978E-01  5.814670E-09
        24   2 -1.213967E+00  3.967906E-09  2.450813E-08  2.210400E-03  9.879488E-02  1.430875E-08
        24   3 -1.159041E+00 -1.662085E-04 -1.661996E-04  2.210373E-03  1.019978E-01  5.539347E-09
        24   4  3.466864E-13  8.032716E-15  3.526497E-14 -1.054454E-14  1.125410E-01  5.814710E-09
        24   5  3.429577E-13  1.027864E-14  3.482013E-14 -1.134749E-14  1.093381E-01  1.430875E-08
        24   6  3.338691E-13  6.266811E-15  1.328020E-14 -1.200690E-14  1.125410E-01  5.539393E-09
        24   7  1.268893E+00 -1.663082E-04 -1.662880E-04 -2.210428E-03  1.019978E-01  5.814690E-09
        24   8  1.213967E+00 -3.967838E-09 -2.450803E-08 -2.210400E-03  9.879488E-02  1.430880E-08
        24   9  1.159041E+00  1.662085E-04  1.661996E-04 -2.210373E-03  1.019978E-01  5.539416E-09
        24  10 -1.268893E+00  1.663564E-04  1.663361E-04 -1.038234E-13  9.359813E-02  2.079087E-14
        24  11 -1.213967E+00  5.216240E-08  7.270266E-08 -9.217598E-14  9.039524E-02  2.627628E-14
        24  12 -1.159041E+00 -1.661603E-04 -1.661514E-04 -8.386041E-14  9.359814E-02  2.935927E-14
        24  13  7.325735E-14 -4.206525E-15 -3.620537E-14 -8.654936E-16  1.041413E-01  1.248186E-14
        24  14  8.002580E-14  7.937758E-15 -2.071240E-15 -1.378502E-17  1.009384E-01  1.073619E-15
        24  15  5.786145E-14 -1.075780E-14 -4.777007E-14  4.016760E-16  1.041413E-01 -5.015825E-15
        24  16  1.268893E+00 -1.663564E-04 -1.663361E-04  8.784669E-14  9.359813E-02  2.064542E-14
        24  17  1.213967E+00 -5.216233E-08 -7.270264E-08  7.907952E-14  9.039524E-02  2.259185E-14
        24  18  1.159041E+00  1.661603E-04  1.661514E-04  7.335870E-14  9.359814E-02  4.451211E-14
        24  19 -1.268893E+00  1.663082E-04  1.662880E-04 -2.210428E-03  1.019978E-01 -5.814649E-09
        24  20 -1.213967E+00  3.967853E-09  2.450812E-08 -2.210400E-03  9.879488E-02 -1.430874E-08
        24  21 -1.159041E+00 -1.662085E-04 -1.661996E-04 -2.210373E-03  1.019978E-01 -5.539354E-09
        24  22 -1.706328E-13  1.307175E-14 -3.873022E-14  5.390204E-15  1.125410E-01 -5.814695E-09
        24  23 -1.876566E-13  3.634238E-15 -4.097655E-14  7.467469E-15  1.093381E-01 -1.430878E-08
        24  24 -2.245056E-13 -2.756968E-14 -1.017705E-13  8.981949E-15  1.125410E-01 -5.539410E-09
        24  25  1.268893E+00 -1.663082E-04 -1.662880E-04  2.210428E-03  1.019978E-01 -5.814698E-09
        24  26  1.213967E+00 -3.967831E-09 -2.450826E-08  2.210400E-03  9.879488E-02 -1.430874E-08
        24  27  1.159041E+00  1.662085E-04  1.661996E-04  2.210373E-03  1.019978E-01 -5.539334E-09
        25   1 -1.126074E+00  1.662219E-04  1.662041E-04  2.210372E-03  1.019978E-01 -6.002869E-09
        25   2 -1.071148E+00  1.066851E-08 -2.228876E-08  2.210389E-03  9.879488E-02 -1.552817E-08
        25   3 -1.016222E+00 -1.662849E-04 -1.662848E-04  2.210406E-03  1.019978E-01 -9.210476E-09
        25   4  3.367934E-13  1.733241E-15 -8.014200E-15  6.047008E-17  1.125410E-01 -6.002834E-09
        25   5  3.430039E-13 -1.770901E-14 -5.325117E-14  2.045991E-15  1.093381E-01 -1.552821E-08
        25   6  3.491128E-13 -3.898455E-14 -8.039151E-14  3.464077E-15  1.125410E-01 -9.210490E-09
        25   7  1.126074E+00 -1.662219E-04 -1.662041E-04 -2.210372E-03  1.019978E-01 -6.002841E-09
        25   8  1.071148E+00 -1.066849E-08  2.228862E-08 -2.210389E-03  9.879488E-02 -1.552825E-08
        25   9  1.016222E+00  1.662849E-04  1.662848E-04 -2.210406E-03  1.019978E-01 -9.210591E-09
        25  10 -1.126074E+00  1.661643E-04  1.661465E-04 -6.449388E-14  9.359814E-02  1.885655E-14
        25  11 -1.071148E+00 -4.696492E-08 -7.992212E-08 -5.773241E-14  9.039524E-02  1.926810E-14
        25  12 -1.016222E+00 -1.663425E-04 -1.663424E-04 -5.589585E-14  9.359813E-02  2.508218E-14
        25  13  5.683377E-14 -1.187867E-14 -5.481821E-14  8.028819E-15  1.041413E-01  3.420670E-15
        25  14  8.575435E-14  3.790337E-15 -2.151912E-14  5.518226E-15  1.009384E-01 -7.369262E-15
        25  15  9.790169E-14 -5.083185E-15 -2.907506E-14  1.394440E-15  1.041413E-01 -6.473282E-15
        25  16  1.126074E+00 -1.661643E-04 -1.661465E-04  7.683274E-14  9.359814E-02  3.657844E-14
        25  17  1.071148E+00  4.696501E-08  7.992206E-08  7.708046E-14  9.039524E-02  2.841243E-14
        25  18  1.016222E+00  1.663425E-04  1.663424E-04  7.084890E-14  9.359813E-02  4.690374E-15
        25  19 -1.126074E+00  1.662219E-04  1.662041E-04 -2.210372E-03  1.019978E-01  6.002942E-09
        25  20 -1.071148E+00  1.066856E-08 -2.228859E-08 -2.210389E-03  9.879488E-02  1.552821E-08
        25  21 -1.016222E+00 -1.662849E-04 -1.662848E-04 -2.210406E-03  1.019978E-01  9.210536E-09
        25  22 -2.136654E-13 -2.421422E-14 -1.069393E-13  1.916279E-14  1.125410E-01  6.002861E-09
        25  23 -2.072074E-13 -1.863223E-14 -1.004812E-13  1.286622E-14  1.093381E-01  1.552819E-08
        25  24 -2.211667E-13 -3.519506E-14 -1.233344E-13  2.811798E-15  1.125410E-01  9.210499E-09
        25  25  1.126074E+00 -1.662219E-04 -1.662041E-04  2.210372E-03  1.019978E-01  6.002917E-09
        25  26  1.071148E+00 -1.066847E-08  2.228844E-08  2.210389E-03  9.879488E-02  1.552823E-08
        25  27  1.016222E+00  1.662849E-04  1.662848E-04  2.210406E-03  1.019978E-01  9.210594E-09
        26   1 -9.832541E-01  1.660111E-04  1.661679E-04  2.210432E-03  1.019980E-01 -1.717913E-08
        26   2 -9.283280E-01 -2.845910E-07  4.868885E-07  2.210699E-03  9.879507E-02 -1.508811E-08
        26   3 -8.734020E-01 -1.669595E-04 -1.653567E-04  2.210966E-03  1.019980E-01  5.829653E-08
        26   4  2.663438E-13 -7.033548E-14 -9.488316E-14 -1.863598E-14  1.125408E-01 -1.717915E-08
        26   5  2.660989E-13 -4.226431E-14 -5.024840E-14 -1.315231E-14  1.093379E-01 -1.508800E-08
        26   6  2.526211E-13 -2.158081E-14 -3.047687E-14 -9.844757E-15  1.125408E-01  5.829645E-08
        26   7  9.832541E-01 -1.660111E-04 -1.661679E-04 -2.210432E-03  1.019980E-01 -1.717919E-08
        26   8  9.283280E-01  2.845910E-07 -4.868886E-07 -2.210699E-03  9.879507E-02 -1.508808E-08
        26   9  8.734020E-01  1.669595E-04  1.653567E-04 -2.210966E-03  1.019980E-01  5.829651E-08
        26  10 -9.832540E-01  1.660628E-04  1.662196E-04 -3.399703E-14  9.359825E-02  6.720731E-15
        26  11 -9.283279E-01 -2.328973E-07  5.385821E-07 -3.436850E-14  9.039536E-02  2.571996E-16
        26  12 -8.734019E-01 -1.669078E-04 -1.653050E-04 -3.641966E-14  9.359826E-02  2.138696E-14
        26  13  6.718652E-14 -2.202055E-14 -4.337082E-14 -2.147021E-16  1.041411E-01 -1.399381E-14
        26  14  7.023502E-14 -3.123773E-16  6.746638E-15  8.034353E-16  1.009382E-01 -3.427870E-15
        26  15  3.787916E-14 -7.577615E-15 -1.794683E-14  2.660510E-15  1.041411E-01 -1.406969E-14
        26  16  9.832540E-01 -1.660628E-04 -1.662196E-04  6.408953E-14  9.359825E-02 -5.910489E-15
        26  17  9.283279E-01  2.328975E-07 -5.385821E-07  6.065456E-14  9.039536E-02  2.487200E-14
        26  18  8.734019E-01  1.669078E-04  1.653050E-04  5.538061E-14  9.359826E-02  2.000848E-14
        26  19 -9.832541E-01  1.660111E-04  1.661679E-04 -2.210432E-03  1.019980E-01  1.717921E-08
        26  20 -9.283280E-01 -2.845910E-07  4.868885E-07 -2.210699E-03  9.879507E-02  1.508798E-08
        26  21 -8.734020E-01 -1.669595E-04 -1.653567E-04 -2.210966E-03  1.019980E-01 -5.829651E-08
        26  22 -2.208868E-13 -3.850991E-14 -1.190865E-13  1.013611E-14  1.125408E-01  1.717921E-08
        26  23 -2.283356E-13 -3.418048E-14 -8.658142E-14  7.546356E-15  1.093379E-01  1.508799E-08
        26  24 -2.571062E-13 -4.918020E-14 -1.105630E-13  6.783817E-15  1.125408E-01 -5.829650E-08
        26  25  9.832541E-01 -1.660111E-04 -1.661679E-04  2.210432E-03  1.019980E-01  1.717925E-08
        26  26  9.283280E-01  2.845910E-07 -4.868886E-07  2.210699E-03  9.879507E-02  1.508810E-08
        26  27  8.734020E-01  1.669595E-04  1.653567E-04  2.210966E-03  1.019980E-01 -5.829650E-08
        27   1 -8.404379E-01  1.634755E-04  1.647175E-04  2.211084E-03  1.019968E-01  1.867008E-07
        27   2 -7.855116E-01 -4.184973E-06 -4.709906E-06  2.213870E-03  9.879348E-02  6.547331E-07
        27   3 -7.305858E-01 -1.730502E-04 -1.746536E-04  2.216656E-03  1.019962E-01  1.349221E-06
        27   4  2.500741E-13 -2.072806E-14 -3.507632E-14  1.532471E-14  1.125418E-01  1.867009E-07
        27   5  2.417236E-13 -4.167207E-14 -6.094086E-14  1.583023E-14  1.093385E-01  6.547331E-07
        27   6  2.443396E-13 -5.007170E-14 -5.805112E-14  1.640651E-14  1.125412E-01  1.349221E-06
        27   7  8.404379E-01 -1.634755E-04 -1.647175E-04 -2.211084E-03  1.019968E-01  1.867008E-07
        27   8  7.855116E-01  4.184973E-06  4.709906E-06 -2.213870E-03  9.879348E-02  6.547331E-07
        27   9  7.305858E-01  1.730502E-04  1.746536E-04 -2.216656E-03  1.019962E-01  1.349221E-06
        27  10 -8.404301E-01  1.667981E-04  1.680401E-04 -2.929402E-14  9.359770E-02  2.157748E-14
        27  11 -7.855038E-01 -8.623839E-07 -1.387318E-06 -2.965579E-14  9.039508E-02  1.866575E-14
        27  12 -7.305781E-01 -1.697276E-04 -1.713311E-04 -2.471842E-14  9.359844E-02 -1.867047E-15
        27  13  2.278496E-14 -1.762098E-14 -4.398730E-14  6.006748E-15  1.041427E-01  3.724008E-15
        27  14  3.464994E-14 -1.657196E-14 -3.869008E-14  5.856823E-15  1.009401E-01  4.488115E-15
        27  15  3.941374E-14 -1.448711E-14 -2.489561E-14  6.349414E-15  1.041434E-01  2.050401E-14
        27  16  8.404301E-01 -1.667981E-04 -1.680401E-04  5.695772E-14  9.359770E-02  1.780350E-14
        27  17  7.855038E-01  8.623840E-07  1.387318E-06  5.306261E-14  9.039508E-02  8.393660E-15
        27  18  7.305781E-01  1.697276E-04  1.713311E-04  4.508660E-14  9.359844E-02 -4.862998E-15
        27  19 -8.404379E-01  1.634755E-04  1.647175E-04 -2.211084E-03  1.019968E-01 -1.867008E-07
        27  20 -7.855116E-01 -4.184973E-06 -4.709906E-06 -2.213870E-03  9.879348E-02 -6.547332E-07
        27  21 -7.305858E-01 -1.730502E-04 -1.746536E-04 -2.216656E-03  1.019962E-01 -1.349221E-06
        27  22 -2.370661E-13 -4.488232E-14 -1.215829E-13  1.396214E-15  1.125418E-01 -1.867008E-07
        27  23 -2.357688E-13 -5.097724E-14 -1.514825E-13  1.817433E-15  1.093385E-01 -6.547331E-07
        27  24 -2.165524E-13 -4.253521E-14 -1.527903E-13  1.259386E-15  1.125412E-01 -1.349221E-06
        27  25  8.404379E-01 -1.634755E-04 -1.647175E-04  2.211084E-03  1.019968E-01 -1.867008E-07
        27  26  7.855116E-01  4.184973E-06  4.709906E-06  2.213870E-03  9.879348E-02 -6.547331E-07
        27  27  7.305858E-01  1.730502E-04  1.746536E-04  2.216656E-03  1.019962E-01 -1.349221E-06
        28   1 -6.976357E-01  1.493862E-04  1.553029E-04  2.226179E-03  1.020019E-01  2.711712E-06
        28   2 -6.427175E-01 -5.779964E-06  1.293204E-05  2.217637E-03  9.879798E-02  2.052725E-06
        28   3 -5.877834E-01 -1.238542E-04 -1.135423E-04  2.209094E-03  1.019977E-01 -5.578421E-06
        28   4  2.626553E-13 -3.588658E-14 -3.015743E-14  1.212204E-14  1.125306E-01  2.711712E-06
        28   5  2.437985E-13 -3.117488E-14 -2.657438E-14  1.537617E-14  1.093266E-01  2.052725E-06
        28   6  2.096939E-13 -4.626055E-14 -6.587848E-14  2.068023E-14  1.125264E-01 -5.578421E-06
        28   7  6.976357E-01 -1.493862E-04 -1.553029E-04 -2.226179E-03  1.020019E-01  2.711711E-06
        28   8  6.427175E-01  5.779964E-06 -1.293204E-05 -2.217637E-03  9.879798E-02  2.052725E-06
        28   9  5.877834E-01  1.238542E-04  1.135423E-04 -2.209094E-03  1.019977E-01 -5.578421E-06
        28  10 -6.975806E-01  1.730110E-04  1.789277E-04 -2.519598E-14  9.360643E-02 -1.406331E-14
        28  11 -6.426624E-01  1.784484E-05  3.655685E-05 -2.296798E-14  9.040725E-02  6.116205E-16
        28  12 -5.877283E-01 -1.002294E-04 -8.991744E-05 -1.765728E-14  9.361172E-02  4.038386E-15
        28  13  3.569299E-14 -1.742206E-14 -3.436315E-14  1.508340E-14  1.041351E-01  4.099899E-16
        28  14  3.234420E-14 -1.137063E-14 -2.786030E-14  1.987957E-14  1.009359E-01 -6.889224E-15
        28  15  1.360916E-14 -2.470981E-14 -6.274109E-14  2.683769E-14  1.041404E-01 -4.238510E-15
        28  16  6.975806E-01 -1.730110E-04 -1.789277E-04  2.309928E-14  9.360643E-02 -7.004982E-15
        28  17  6.426624E-01 -1.784484E-05 -3.655685E-05  1.950708E-14  9.040725E-02  9.958595E-15
        28  18  5.877283E-01  1.002294E-04  8.991744E-05  1.832024E-14  9.361172E-02  1.385095E-15
        28  19 -6.976357E-01  1.493862E-04  1.553029E-04 -2.226179E-03  1.020019E-01 -2.711712E-06
        28  20 -6.427175E-01 -5.779964E-06  1.293204E-05 -2.217637E-03  9.879798E-02 -2.052725E-06
        28  21 -5.877834E-01 -1.238542E-04 -1.135423E-04 -2.209094E-03  1.019977E-01  5.578421E-06
        28  22 -2.072879E-13 -3.633415E-14 -1.470834E-13  1.498312E-14  1.125306E-01 -2.711712E-06
        28  23 -2.059285E-13 -3.589877E-14 -1.501025E-13  2.084256E-14  1.093266E-01 -2.052725E-06
        28  24 -1.778330E-13 -1.549608E-14 -1.053140E-13  3.011976E-14  1.125264E-01  5.578421E-06
        28  25  6.976357E-01 -1.493862E-04 -1.553029E-04  2.226179E-03  1.020019E-01 -2.711711E-06
        28  26  6.427175E-01  5.779964E-06 -1.293204E-05  2.217637E-03  9.879798E-02 -2.052725E-06
        28  27  5.877834E-01  1.238542E-04  1.135423E-04  2.209094E-03  1.019977E-01  5.578421E-06
        29   1 -5.547587E-01  2.497159E-04  1.782238E-04  2.179009E-03  1.018832E-01  7.040837E-06
        29   2 -4.998529E-01  1.170917E-04 -2.477959E-04  2.105130E-03  9.867991E-02  5.123656E-05
        29   3 -4.449072E-01  7.761444E-05 -6.338955E-04  2.031251E-03  1.018879E-01  7.792343E-05
        29   4  2.430924E-13 -2.406551E-14 -5.026768E-14  7.317621E-15  1.125940E-01  7.040837E-06
        29   5  2.257560E-13 -2.670758E-15 -2.272440E-14  4.454549E-15  1.093907E-01  5.123656E-05
        29   6  2.071491E-13  1.737870E-14  1.141604E-14  5.124091E-15  1.125987E-01  7.792343E-05
        29   7  5.547587E-01 -2.497159E-04 -1.782238E-04 -2.179009E-03  1.018832E-01  7.040837E-06
        29   8  4.998529E-01 -1.170917E-04  2.477959E-04 -2.105130E-03  9.867991E-02  5.123656E-05
        29   9  4.449072E-01 -7.761444E-05  6.338955E-04 -2.031251E-03  1.018879E-01  7.792343E-05
        29  10 -5.548196E-01  2.235806E-04  1.520884E-04 -1.320885E-14  9.357649E-02  1.026473E-14
        29  11 -4.999139E-01  9.095628E-05 -2.739313E-04 -1.153728E-14  9.036790E-02  1.979188E-14
        29  12 -4.449682E-01  5.147907E-05 -6.600309E-04 -4.120414E-15  9.357063E-02  1.076585E-14
        29  13  2.351588E-14 -1.372625E-14 -4.544563E-14  2.458975E-14  1.042873E-01 -1.518169E-14
        29  14  1.827301E-14 -7.832001E-16 -1.894432E-14  2.063127E-14  1.010787E-01 -6.406015E-15
        29  15  5.834881E-15  1.573823E-15 -1.058453E-14  2.061768E-14  1.042814E-01 -1.169907E-14
        29  16  5.548196E-01 -2.235806E-04 -1.520884E-04  2.493713E-14  9.357649E-02 -3.571562E-15
        29  17  4.999139E-01 -9.095628E-05  2.739313E-04  1.962753E-14  9.036790E-02 -1.573767E-14
        29  18  4.449682E-01 -5.147907E-05  6.600309E-04  1.879683E-14  9.357063E-02 -4.346317E-15
        29  19 -5.547587E-01  2.497159E-04  1.782238E-04 -2.179009E-03  1.018832E-01 -7.040837E-06
        29  20 -4.998529E-01  1.170917E-04 -2.477959E-04 -2.105130E-03  9.867991E-02 -5.123656E-05
        29  21 -4.449072E-01  7.761444E-05 -6.338955E-04 -2.031251E-03  1.018879E-01 -7.792343E-05
        29  22 -2.208041E-13 -2.591129E-14 -9.109081E-14  3.283847E-14  1.125940E-01 -7.040837E-06
        29  23 -1.856556E-13 -4.649918E-15 -3.788096E-14  2.607186E-14  1.093907E-01 -5.123656E-05
        29  24 -1.643722E-13  2.115666E-15 -9.277228E-15  2.586022E-14  1.125987E-01 -7.792343E-05
        29  25  5.547587E-01 -2.497159E-04 -1.782238E-04  2.179009E-03  1.018832E-01 -7.040837E-06
        29  26  4.998529E-01 -1.170917E-04  2.477959E-04  2.105130E-03  9.867991E-02 -5.123656E-05
        29  27  4.449072E-01 -7.761444E-05  6.338955E-04  2.031251E-03  1.018879E-01 -7.792343E-05
        30   1 -4.104614E-01  1.156994E-03  7.873952E-04  2.153215E-03  1.028332E-01 -9.865351E-05
        30   2 -3.556938E-01  1.550174E-03  2.453239E-03  8.203828E-04  9.980646E-02 -8.140320E-04
        30   3 -3.005970E-01  2.711386E-03  4.448239E-03 -5.124491E-04  1.030835E-01 -1.673777E-03
        30   4  1.795875E-13  9.829268E-15  6.159113E-16  9.962986E-15  1.122889E-01 -9.865351E-05
        30   5  1.500201E-13 -5.250737E-15 -2.594118E-14  1.272603E-14  1.092621E-01 -8.140320E-04
        30   6  1.670760E-13  1.714634E-14  1.800150E-14  1.745006E-14  1.125391E-01 -1.673777E-03
        30   7  4.104614E-01 -1.156994E-03 -7.873952E-04 -2.153215E-03  1.028332E-01 -9.865351E-05
        30   8  3.556938E-01 -1.550174E-03 -2.453239E-03 -8.203828E-04  9.980646E-02 -8.140320E-04
        30   9  3.005970E-01 -2.711386E-03 -4.448239E-03  5.124491E-04  1.030835E-01 -1.673777E-03
        30  10 -4.137169E-01 -2.382294E-04 -6.078279E-04  1.455876E-14  9.359041E-02  1.583707E-14
        30  11 -3.589493E-01  1.549513E-04  1.058016E-03  1.065570E-14  9.028209E-02  2.131903E-14
        30  12 -3.038525E-01  1.316163E-03  3.053016E-03  5.253112E-15  9.327759E-02  2.558308E-15
        30  13  3.382118E-14  1.177896E-14 -3.396140E-15  1.756270E-14  1.030460E-01 -1.252066E-14
        30  14  3.222157E-14  9.141148E-15 -6.090385E-15  1.772823E-14  9.973771E-02  1.741247E-15
        30  15  3.006608E-14  8.855070E-15 -8.245869E-15  1.898640E-14  1.027332E-01 -3.903072E-15
        30  16  4.137169E-01  2.382294E-04  6.078279E-04  1.251797E-14  9.359041E-02  6.024688E-15
        30  17  3.589493E-01 -1.549513E-04 -1.058016E-03  1.662065E-14  9.028209E-02  3.878245E-15
        30  18  3.038525E-01 -1.316163E-03 -3.053016E-03  2.380914E-14  9.327759E-02 -9.708540E-16
        30  19 -4.104614E-01  1.156994E-03  7.873952E-04 -2.153215E-03  1.028332E-01  9.865351E-05
        30  20 -3.556938E-01  1.550174E-03  2.453239E-03 -8.203828E-04  9.980646E-02  8.140320E-04
        30  21 -3.005970E-01  2.711386E-03  4.448239E-03  5.124491E-04  1.030835E-01  1.673777E-03
        30  22 -1.301401E-13  1.250469E-14  6.688341E-15  2.325166E-14  1.122889E-01  9.865351E-05
        30  23 -1.186767E-13  7.964525E-15 -5.109087E-15  1.955633E-14  1.092621E-01  8.140320E-04
        30  24 -1.229202E-13 -2.826448E-15 -2.980847E-14  1.928364E-14  1.125391E-01  1.673777E-03
        30  25  4.104614E-01 -1.156994E-03 -7.873952E-04  2.153215E-03  1.028332E-01  9.865351E-05
        30  26  3.556938E-01 -1.550174E-03 -2.453239E-03  8.203828E-04  9.980646E-02  8.140320E-04
        30  27  3.005970E-01 -2.711386E-03 -4.448239E-03 -5.124491E-04  1.030835E-01  1.673777E-03
        31   1 -2.632735E-01  6.464187E-03  3.536138E-03 -5.925247E-03  9.592387E-02 -7.718179E-04
        31   2 -2.043994E-01  1.796168E-03 -1.080149E-02  1.216621E-03  9.282228E-02  5.554303E-03
        31   3 -1.535560E-01 -2.161030E-02 -3.316989E-02  8.358489E-03  9.723824E-02  1.540269E-02
        31   4  1.517772E-13  2.156248E-14  2.425309E-14  1.613286E-14  1.153654E-01 -7.718179E-04
        31   5  9.712152E-14  1.362068E-14 -7.689029E-15  9.939065E-15  1.122638E-01  5.554303E-03
        31   6  4.587431E-14  8.546406E-15 -2.876559E-14  8.817888E-15  1.166798E-01  1.540269E-02
        31   7  2.632735E-01 -6.464187E-03 -3.536138E-03  5.925247E-03  9.592387E-02 -7.718179E-04
        31   8  2.043994E-01 -1.796168E-03  1.080149E-02 -1.216621E-03  9.282228E-02  5.554303E-03
        31   9  1.535560E-01  2.161030E-02  3.316989E-02 -8.358489E-03  9.723824E-02  1.540269E-02
        31  10 -2.803721E-01 -8.637804E-04 -3.791829E-03  1.711304E-14  9.284807E-02 -1.091657E-14
        31  11 -2.214980E-01 -5.531800E-03 -1.812946E-02  1.544959E-14  8.826781E-02  1.364687E-14
        31  12 -1.706546E-01 -2.893827E-02 -4.049786E-02  1.810159E-14  9.120510E-02  9.617913E-15
        31  13  2.632889E-14  8.891967E-15 -6.509927E-15  2.415813E-14  1.122896E-01 -2.132194E-14
        31  14  1.522754E-14  5.611116E-15 -2.286495E-15  2.071677E-14  1.077094E-01  4.219575E-15
        31  15 -3.039661E-15 -5.906697E-15 -1.371228E-14  2.303339E-14  1.106466E-01  4.587708E-15
        31  16  2.803721E-01  8.637804E-04  3.791829E-03  1.818327E-14  9.284807E-02  2.369696E-15
        31  17  2.214980E-01  5.531800E-03  1.812946E-02  1.460629E-14  8.826781E-02  5.588252E-15
        31  18  1.706546E-01  2.893827E-02  4.049786E-02  1.866640E-14  9.120510E-02 -2.416396E-14
        31  19 -2.632735E-01  6.464187E-03  3.536138E-03  5.925247E-03  9.592387E-02  7.718179E-04
        31  20 -2.043994E-01  1.796168E-03 -1.080149E-02 -1.216621E-03  9.282228E-02 -5.554303E-03
        31  21 -1.535560E-01 -2.161030E-02 -3.316989E-02 -8.358489E-03  9.723824E-02 -1.540269E-02
        31  22 -6.006049E-14  1.447496E-14 -1.545443E-14  1.636847E-14  1.153654E-01  7.718179E-04
        31  23 -4.319396E-14  2.846702E-16 -1.144977E-14  1.604585E-14  1.122638E-01 -5.554303E-03
        31  24 -1.884730E-14 -7.500871E-15  1.108391E-14  2.174754E-14  1.166798E-01 -1.540269E-02
        31  25  2.632735E-01 -6.464187E-03 -3.536138E-03 -5.925247E-03  9.592387E-02  7.718179E-04
        31  26  2.043994E-01 -1.796168E-03  1.080149E-02  1.216621E-03  9.282228E-02 -5.554303E-03
        31  27  1.535560E-01  2.161030E-02  3.316989E-02  8.358489E-03  9.723824E-02 -1.540269E-02
        32   1 -1.269380E-01 -3.886491E-02 -2.468689E-04  4.028493E-02  1.929340E-01 -5.032026E-03
        32   2 -7.448748E-02 -5.299809E-02  1.453342E-01  3.316214E-02  1.920434E-01 -8.894712E-02
        32   3 -1.649376E-02 -5.419707E-02  2.964586E-01  2.603934E-02  1.926680E-01 -1.752934E-01
        32   4  3.713870E-14  5.380886E-15 -3.100185E-14 -3.407166E-15  1.077418E-01 -5.032026E-03
        32   5  4.199048E-14 -1.770116E-15 -5.631518E-16 -6.341988E-15  1.068511E-01 -8.894712E-02
        32   6  4.889629E-14 -4.880938E-15  5.402736E-14 -6.396011E-15  1.074758E-01 -1.752934E-01
        32   7  1.269380E-01  3.886491E-02  2.468689E-04 -4.028493E-02  1.929340E-01 -5.032026E-03
        32   8  7.448748E-02  5.299809E-02 -1.453342E-01 -3.316214E-02  1.920434E-01 -8.894712E-02
        32   9  1.649376E-02  5.419707E-02 -2.964586E-01 -2.603934E-02  1.926680E-01 -1.752934E-01
        32  10 -1.234778E-01 -3.738199E-02  1.236054E-03  5.381998E-15  7.321803E-02  4.470320E-15
        32  11 -7.102732E-02 -5.151517E-02  1.468172E-01  1.324036E-14  7.262664E-02  2.422857E-14
        32  12 -1.303361E-02 -5.271415E-02  2.979415E-01  2.451914E-14  7.355051E-02  2.114287E-14
        32  13  1.760090E-15 -3.920389E-15 -9.186182E-15  1.743817E-15 -1.197421E-02 -2.948913E-15
        32  14 -5.367664E-16 -9.735816E-15 -2.051371E-14 -5.849934E-15 -1.256560E-02  2.648978E-15
        32  15 -7.107907E-15 -2.167057E-14 -3.522614E-14 -1.112404E-14 -1.164173E-02  8.261841E-15
        32  16  1.234778E-01  3.738199E-02 -1.236054E-03  2.816004E-14  7.321803E-02 -2.044728E-14
        32  17  7.102732E-02  5.151517E-02 -1.468172E-01  2.930711E-14  7.262664E-02 -3.246656E-17
        32  18  1.303361E-02  5.271415E-02 -2.979415E-01  3.233733E-14  7.355051E-02  4.664180E-15
        32  19 -1.269380E-01 -3.886491E-02 -2.468689E-04 -4.028493E-02  1.929340E-01  5.032026E-03
        32  20 -7.448748E-02 -5.299809E-02  1.453342E-01 -3.316214E-02  1.920434E-01  8.894712E-02
        32  21 -1.649376E-02 -5.419707E-02  2.964586E-01 -2.603934E-02  1.926680E-01  1.752934E-01
        32  22 -7.610213E-14 -3.764179E-14 -2.629659E-14  1.986629E-14  1.077418E-01  5.032026E-03
        32  23 -5.343037E-14 -2.150225E-14 -4.275775E-14  7.274856E-15  1.068511E-01  8.894712E-02
        32  24 -1.724172E-14  9.574847E-15 -1.012665E-14 -3.120877E-15  1.074758E-01  1.752934E-01
        32  25  1.269380E-01  3.886491E-02  2.468689E-04  4.028493E-02  1.929340E-01  5.032026E-03
        32  26  7.448748E-02  5.299809E-02 -1.453342E-01  3.316214E-02  1.920434E-01  8.894712E-02
        32  27  1.649376E-02  5.419707E-02 -2.964586E-01  2.603934E-02  1.926680E-01  1.752934E-01
