
                        S T E P       1


                                INCREMENT     1


 displacements (vx,vy,vz) for set MID and time  0.1000000E+01

        33  3.868103E-16  5.181741E-15 -4.718545E-02

 stresses (elem, integ.pnt.,sxx,syy,szz,sxy,sxz,syz) for set MEMBER and time  0.1000000E+01

         1   1 -1.874571E-02  4.640508E-03 -1.936410E-04 -3.233792E-03 -9.104439E-02 -1.433281E-03
         1   2 -6.589088E-02 -2.783802E-03 -2.688209E-03 -3.899344E-03 -8.915078E-02  1.039371E-04
         1   3 -1.102418E-01 -3.688192E-03 -2.388525E-03 -4.564895E-03 -9.194665E-02  5.234547E-04
         1   4 -1.907584E-14 -2.883625E-15 -1.326866E-14  9.871836E-15 -1.007115E-01 -1.433281E-03
         1   5  4.998524E-15 -1.654011E-15 -5.401164E-15  1.426024E-14 -9.881785E-02  1.039371E-04
         1   6  2.777422E-14 -4.900049E-16  2.946432E-15  1.953320E-14 -1.016137E-01  5.234547E-04
         1   7  1.874571E-02 -4.640508E-03  1.936410E-04  3.233792E-03 -9.104439E-02 -1.433281E-03
         1   8  6.589088E-02  2.783802E-03  2.688209E-03  3.899344E-03 -8.915078E-02  1.039371E-04
         1   9  1.102418E-01  3.688192E-03  2.388525E-03  4.564895E-03 -9.194665E-02  5.234547E-04
         1  10 -5.875728E-03  1.015622E-02  5.322066E-03  3.417508E-13 -8.720551E-02 -1.799340E-13
         1  11 -5.302090E-02  2.731905E-03  2.827498E-03  2.956456E-13 -8.429686E-02 -7.902679E-14
         1  12 -9.737182E-02  1.827515E-03  3.127182E-03  2.538257E-13 -8.607769E-02 -3.383424E-14
         1  13  1.785579E-14  1.461436E-14  6.957867E-15  1.834530E-15 -9.687259E-02 -1.800443E-13
         1  14  1.886479E-14  7.942583E-15  7.506210E-15  5.066836E-15 -9.396394E-02 -7.325183E-14
         1  15  3.522022E-14  7.991705E-15  1.454134E-14  6.382485E-15 -9.574476E-02 -2.028985E-14
         1  16  5.875728E-03 -1.015622E-02 -5.322066E-03 -3.473342E-13 -8.720551E-02 -1.828507E-13
         1  17  5.302090E-02 -2.731905E-03 -2.827498E-03 -3.018419E-13 -8.429686E-02 -7.821314E-14
         1  18  9.737182E-02 -1.827515E-03 -3.127182E-03 -2.639025E-13 -8.607769E-02 -2.749643E-14
         1  19 -1.874571E-02  4.640508E-03 -1.936410E-04  3.233792E-03 -9.104439E-02  1.433281E-03
         1  20 -6.589088E-02 -2.783802E-03 -2.688209E-03  3.899344E-03 -8.915078E-02 -1.039371E-04
         1  21 -1.102418E-01 -3.688192E-03 -2.388525E-03  4.564895E-03 -9.194665E-02 -5.234547E-04
         1  22  6.975398E-15  1.111868E-14  5.017567E-15 -4.402279E-15 -1.007115E-01  1.433281E-03
         1  23  8.273422E-15  5.120836E-15  3.483698E-15 -5.195207E-15 -9.881785E-02 -1.039371E-04
         1  24  2.917696E-15 -4.122076E-15 -2.754116E-15 -6.672776E-15 -1.016137E-01 -5.234547E-04
         1  25  1.874571E-02 -4.640508E-03  1.936410E-04 -3.233792E-03 -9.104439E-02  1.433281E-03
         1  26  6.589088E-02  2.783802E-03  2.688209E-03 -3.899344E-03 -8.915078E-02 -1.039371E-04
         1  27  1.102418E-01  3.688192E-03  2.388525E-03 -4.564895E-03 -9.194665E-02 -5.234547E-04
         2   1 -1.333088E-01 -1.437597E-03 -5.896613E-04 -2.993790E-03 -9.208689E-02  3.776346E-04
         2   2 -1.790116E-01 -9.426238E-04 -3.858560E-04 -2.391173E-03 -8.971643E-02  1.965907E-04
         2   3 -2.247845E-01 -6.113153E-04 -2.521927E-04 -1.788555E-03 -9.222049E-02  4.360367E-05
         2   4  2.469721E-14 -4.402040E-15 -1.026524E-15  1.081716E-14 -1.016772E-01  3.776346E-04
         2   5  9.694883E-16 -1.422568E-14 -1.811807E-14  1.143921E-14 -9.930678E-02  1.965907E-04
         2   6 -1.427835E-14 -1.821942E-14 -2.700339E-14  1.547360E-14 -1.018108E-01  4.360367E-05
         2   7  1.333088E-01  1.437597E-03  5.896613E-04  2.993790E-03 -9.208689E-02  3.776346E-04
         2   8  1.790116E-01  9.426238E-04  3.858560E-04  2.391173E-03 -8.971643E-02  1.965907E-04
         2   9  2.247845E-01  6.113153E-04  2.521927E-04  1.788555E-03 -9.222049E-02  4.360367E-05
         2  10 -1.314032E-01 -6.209089E-04  2.270267E-04  2.453626E-13 -8.607163E-02 -2.390964E-14
         2  11 -1.771060E-01 -1.259357E-04  4.308320E-04  2.421366E-13 -8.355088E-02 -6.400770E-15
         2  12 -2.228789E-01  2.053727E-04  5.644953E-04  2.410963E-13 -8.590464E-02  9.910767E-16
         2  13  1.808743E-14 -2.128390E-15  5.499221E-15  3.517069E-15 -9.566197E-02 -9.976804E-15
         2  14  1.709680E-14 -4.531096E-15 -1.435821E-16  2.708894E-15 -9.314122E-02  3.786893E-15
         2  15  1.261971E-14 -7.600306E-15 -7.254618E-15  3.401044E-15 -9.549498E-02  8.970606E-15
         2  16  1.314032E-01  6.209089E-04 -2.270267E-04 -2.567421E-13 -8.607163E-02 -1.705581E-14
         2  17  1.771060E-01  1.259357E-04 -4.308320E-04 -2.570746E-13 -8.355088E-02 -3.189800E-15
         2  18  2.228789E-01 -2.053727E-04 -5.644953E-04 -2.550998E-13 -8.590464E-02  2.409512E-15
         2  19 -1.333088E-01 -1.437597E-03 -5.896613E-04  2.993790E-03 -9.208689E-02 -3.776346E-04
         2  20 -1.790116E-01 -9.426238E-04 -3.858560E-04  2.391173E-03 -8.971643E-02 -1.965907E-04
         2  21 -2.247845E-01 -6.113153E-04 -2.521927E-04  1.788555E-03 -9.222049E-02 -4.360367E-05
         2  22 -1.274578E-14 -1.423295E-14 -1.165116E-14 -6.965764E-15 -1.016772E-01 -3.776346E-04
         2  23  9.383359E-15 -8.276158E-15 -3.136440E-15 -9.363128E-15 -9.930678E-02 -1.965907E-04
         2  24  3.346498E-14 -8.479297E-16  5.671711E-15 -1.222511E-14 -1.018108E-01 -4.360367E-05
         2  25  1.333088E-01  1.437597E-03  5.896613E-04 -2.993790E-03 -9.208689E-02 -3.776346E-04
         2  26  1.790116E-01  9.426238E-04  3.858560E-04 -2.391173E-03 -8.971643E-02 -1.965907E-04
         2  27  2.247845E-01  6.113153E-04  2.521927E-04 -1.788555E-03 -9.222049E-02 -4.360367E-05
         3   1 -2.512400E-01 -3.645949E-04 -1.034379E-04 -1.684274E-03 -9.229967E-02 -3.329609E-06
         3   2 -2.969510E-01 -7.302581E-05  3.571938E-05 -1.609567E-03 -8.986567E-02 -1.564814E-05
         3   3 -3.427165E-01  9.120503E-05  1.203031E-04 -1.534860E-03 -9.229851E-02 -6.137246E-06
         3   4  5.556464E-15 -1.011331E-14 -1.879899E-14  2.065266E-14 -1.018892E-01 -3.329609E-06
         3   5  1.571891E-14 -8.840786E-15 -1.465699E-14  1.773673E-14 -9.945520E-02 -1.564814E-05
         3   6  2.012602E-14 -9.116137E-15 -1.866484E-14  1.632333E-14 -1.018880E-01 -6.137246E-06
         3   7  2.512400E-01  3.645949E-04  1.034379E-04  1.684274E-03 -9.229967E-02 -3.329609E-06
         3   8  2.969510E-01  7.302581E-05 -3.571938E-05  1.609567E-03 -8.986567E-02 -1.564814E-05
         3   9  3.427165E-01 -9.120503E-05 -1.203031E-04  1.534860E-03 -9.229851E-02 -6.137246E-06
         3  10 -2.512567E-01 -3.717247E-04 -1.105677E-04  2.484986E-13 -8.580263E-02  1.295810E-15
         3  11 -2.969676E-01 -8.015560E-05  2.858959E-05  2.498526E-13 -8.336994E-02  1.652675E-15
         3  12 -3.427332E-01  8.407524E-05  1.131733E-04  2.510066E-13 -8.580409E-02  1.287081E-15
         3  13  1.131437E-14 -8.262990E-15 -6.199662E-15  2.990388E-15 -9.539217E-02  7.748450E-15
         3  14  2.380654E-14 -4.382250E-15 -1.643544E-15  3.006547E-15 -9.295947E-02  6.734617E-15
         3  15  3.441491E-14  1.853168E-15  3.765346E-15  3.577281E-15 -9.539362E-02  9.207033E-15
         3  16  2.512567E-01  3.717247E-04  1.105677E-04 -2.611340E-13 -8.580263E-02  1.223642E-15
         3  17  2.969676E-01  8.015560E-05 -2.858959E-05 -2.642954E-13 -8.336994E-02 -1.293460E-15
         3  18  3.427332E-01 -8.407524E-05 -1.131733E-04 -2.656073E-13 -8.580409E-02 -3.516208E-15
         3  19 -2.512400E-01 -3.645949E-04 -1.034379E-04  1.684274E-03 -9.229967E-02  3.329609E-06
         3  20 -2.969510E-01 -7.302581E-05  3.571938E-05  1.609567E-03 -8.986567E-02  1.564814E-05
         3  21 -3.427165E-01  9.120503E-05  1.203031E-04  1.534860E-03 -9.229851E-02  6.137246E-06
         3  22 -6.686424E-16 -1.652007E-14 -9.425660E-15 -1.376394E-14 -1.018892E-01  3.329609E-06
         3  23  2.786093E-14 -3.405356E-15  3.779135E-15 -1.056023E-14 -9.945520E-02  1.564814E-05
         3  24  4.384746E-14  7.397440E-15  1.306107E-14 -9.197296E-15 -1.018880E-01  6.137246E-06
         3  25  2.512400E-01  3.645949E-04  1.034379E-04 -1.684274E-03 -9.229967E-02  3.329609E-06
         3  26  2.969510E-01  7.302581E-05 -3.571938E-05 -1.609567E-03 -8.986567E-02  1.564814E-05
         3  27  3.427165E-01 -9.120503E-05 -1.203031E-04 -1.534860E-03 -9.229851E-02  6.137246E-06
         4   1 -3.700087E-01 -1.245693E-04 -1.106741E-04 -1.541634E-03 -9.227507E-02 -3.751607E-07
         4   2 -4.157437E-01  9.177487E-06  9.525419E-06 -1.541767E-03 -8.984182E-02 -2.369701E-06
         4   3 -4.614856E-01  1.266051E-04  1.227310E-04 -1.541900E-03 -9.227233E-02 -1.566670E-06
         4   4  4.974382E-14  5.876435E-15 -6.082170E-15  1.437351E-14 -1.018894E-01 -3.751607E-07
         4   5  4.358984E-14  9.396062E-15 -4.026445E-15  7.556820E-15 -9.945614E-02 -2.369701E-06
         4   6  3.879506E-14  1.093328E-14 -2.010364E-16  3.269034E-15 -1.018866E-01 -1.566670E-06
         4   7  3.700087E-01  1.245693E-04  1.106741E-04  1.541634E-03 -9.227507E-02 -3.751607E-07
         4   8  4.157437E-01 -9.177487E-06 -9.525419E-06  1.541767E-03 -8.984182E-02 -2.369701E-06
         4   9  4.614856E-01 -1.266051E-04 -1.227310E-04  1.541900E-03 -9.227233E-02 -1.566670E-06
         4  10 -3.700478E-01 -1.413074E-04 -1.274122E-04  2.502985E-13 -8.580706E-02  1.432917E-17
         4  11 -4.157827E-01 -7.560571E-06 -7.212639E-06  2.499871E-13 -8.337689E-02 -6.679849E-15
         4  12 -4.615246E-01  1.098671E-04  1.059930E-04  2.522251E-13 -8.581048E-02 -8.400698E-15
         4  13  8.205759E-15 -8.583786E-15 -1.149753E-14  4.170640E-15 -9.542138E-02  4.477933E-15
         4  14  1.814950E-14 -1.618685E-15 -4.290354E-15  2.069826E-15 -9.299121E-02 -4.422827E-15
         4  15  1.710048E-14 -3.519102E-15 -5.886695E-15  4.226009E-16 -9.542480E-02 -2.451995E-15
         4  16  3.700478E-01  1.413074E-04  1.274122E-04 -2.645144E-13 -8.580706E-02 -5.972160E-15
         4  17  4.157827E-01  7.560571E-06  7.212639E-06 -2.636434E-13 -8.337689E-02 -7.905587E-15
         4  18  4.615246E-01 -1.098671E-04 -1.059930E-04 -2.625359E-13 -8.581048E-02 -1.013716E-14
         4  19 -3.700087E-01 -1.245693E-04 -1.106741E-04  1.541634E-03 -9.227507E-02  3.751607E-07
         4  20 -4.157437E-01  9.177487E-06  9.525419E-06  1.541767E-03 -8.984182E-02  2.369701E-06
         4  21 -4.614856E-01  1.266051E-04  1.227310E-04  1.541900E-03 -9.227233E-02  1.566670E-06
         4  22  1.386548E-14 -3.769909E-15  1.826409E-16 -8.605215E-15 -1.018894E-01  3.751607E-07
         4  23  2.964642E-14  1.308099E-15  5.017310E-15 -4.976541E-15 -9.945614E-02  2.369701E-06
         4  24  4.595597E-14  5.202221E-15  1.516958E-14 -3.730703E-15 -1.018866E-01  1.566670E-06
         4  25  3.700087E-01  1.245693E-04  1.106741E-04 -1.541634E-03 -9.227507E-02  3.751607E-07
         4  26  4.157437E-01 -9.177487E-06 -9.525419E-06 -1.541767E-03 -8.984182E-02  2.369701E-06
         4  27  4.614856E-01 -1.266051E-04 -1.227310E-04 -1.541900E-03 -9.227233E-02  1.566670E-06
         5   1 -4.888116E-01 -1.111383E-04 -1.141040E-04 -1.545888E-03 -9.227043E-02 -6.897779E-07
         5   2 -5.345502E-01  2.698053E-06  8.486681E-07 -1.547577E-03 -8.983858E-02 -3.475575E-07
         5   3 -5.802885E-01  1.170978E-04  1.160429E-04 -1.549266E-03 -9.227007E-02 -1.019346E-07
         5   4  4.367392E-14  9.227381E-15 -1.205793E-15 -5.781620E-17 -1.018860E-01 -6.897779E-07
         5   5  5.552292E-14  4.583542E-15  2.442468E-16 -4.280454E-15 -9.945416E-02 -3.475575E-07
         5   6  8.524833E-14  1.638370E-14  3.297989E-14 -8.376555E-15 -1.018857E-01 -1.019346E-07
         5   7  4.888116E-01  1.111383E-04  1.141040E-04  1.545888E-03 -9.227043E-02 -6.897779E-07
         5   8  5.345502E-01 -2.698053E-06 -8.486681E-07  1.547577E-03 -8.983858E-02 -3.475575E-07
         5   9  5.802885E-01 -1.170978E-04 -1.160429E-04  1.549266E-03 -9.227007E-02 -1.019346E-07
         5  10 -4.888167E-01 -1.133215E-04 -1.162873E-04  2.716033E-13 -8.581138E-02 -1.009586E-14
         5  11 -5.345553E-01  5.147700E-07 -1.334615E-06  2.707424E-13 -8.337993E-02 -5.486972E-15
         5  12 -5.802936E-01  1.149146E-04  1.138596E-04  2.708491E-13 -8.581183E-02 -3.156711E-15
         5  13  5.730895E-14  9.663135E-15  5.861472E-15 -6.234717E-15 -9.542697E-02 -4.528746E-15
         5  14  5.121615E-14  3.724298E-16 -5.157148E-15 -7.399639E-15 -9.299552E-02 -5.232760E-15
         5  15  5.378149E-14  3.256780E-15  9.996405E-15 -1.033099E-14 -9.542742E-02  2.144031E-15
         5  16  4.888167E-01  1.133215E-04  1.162873E-04 -2.712800E-13 -8.581138E-02 -1.036132E-14
         5  17  5.345553E-01 -5.147700E-07  1.334615E-06 -2.637212E-13 -8.337993E-02 -6.041780E-15
         5  18  5.802936E-01 -1.149146E-04 -1.138596E-04 -2.616557E-13 -8.581183E-02  7.299968E-16
         5  19 -4.888116E-01 -1.111383E-04 -1.141040E-04  1.545888E-03 -9.227043E-02  6.897778E-07
         5  20 -5.345502E-01  2.698053E-06  8.486681E-07  1.547577E-03 -8.983858E-02  3.475575E-07
         5  21 -5.802885E-01  1.170978E-04  1.160429E-04  1.549266E-03 -9.227007E-02  1.019346E-07
         5  22  5.410126E-14  4.732649E-15  1.195811E-14 -7.362686E-15 -1.018860E-01  6.897779E-07
         5  23  4.172273E-14 -7.913603E-15 -1.902908E-14 -6.504688E-15 -9.945416E-02  3.475575E-07
         5  24  2.721215E-14 -1.374463E-14 -3.073468E-14 -9.569044E-15 -1.018857E-01  1.019346E-07
         5  25  4.888116E-01  1.111383E-04  1.141040E-04 -1.545888E-03 -9.227043E-02  6.897779E-07
         5  26  5.345502E-01 -2.698053E-06 -8.486681E-07 -1.547577E-03 -8.983858E-02  3.475575E-07
         5  27  5.802885E-01 -1.170978E-04 -1.160429E-04 -1.549266E-03 -9.227007E-02  1.019346E-07
         6   1 -6.076034E-01 -1.143656E-04 -1.150826E-04 -1.549581E-03 -9.227002E-02 -2.085547E-08
         6   2 -6.533419E-01  1.823815E-07 -1.011343E-07 -1.549792E-03 -8.983835E-02  3.196069E-08
         6   3 -6.990803E-01  1.151148E-04  1.150451E-04 -1.550003E-03 -9.227003E-02  1.887070E-08
         6   4 -2.058698E-15 -2.140547E-14  5.056379E-15 -6.780241E-15 -1.018855E-01 -2.085546E-08
         6   5  8.296383E-15 -1.630838E-14  2.498945E-14 -3.303988E-15 -9.945379E-02  3.196070E-08
         6   6  2.665379E-14 -1.387425E-15  6.414477E-14  5.037333E-16 -1.018855E-01  1.887072E-08
         6   7  6.076034E-01  1.143656E-04  1.150826E-04  1.549581E-03 -9.227002E-02 -2.085545E-08
         6   8  6.533419E-01 -1.823816E-07  1.011344E-07  1.549792E-03 -8.983835E-02  3.196071E-08
         6   9  6.990803E-01 -1.151148E-04 -1.150451E-04  1.550003E-03 -9.227003E-02  1.887074E-08
         6  10 -6.076033E-01 -1.143197E-04 -1.150366E-04  2.727484E-13 -8.581204E-02 -7.552600E-15
         6  11 -6.533418E-01  2.283118E-07 -5.520406E-08  2.681814E-13 -8.338035E-02 -9.325892E-15
         6  12 -6.990802E-01  1.151608E-04  1.150910E-04  2.675865E-13 -8.581203E-02 -1.180695E-14
         6  13  5.071754E-14 -6.085627E-16  3.648570E-15 -1.017497E-14 -9.542749E-02 -4.911185E-16
         6  14  5.253655E-14 -2.931976E-15 -2.194813E-15 -6.775880E-15 -9.299580E-02 -7.293837E-16
         6  15  5.793982E-14  4.020080E-15  1.360742E-14 -3.627618E-15 -9.542748E-02  4.984934E-16
         6  16  6.076033E-01  1.143197E-04  1.150366E-04 -2.646055E-13 -8.581204E-02  5.744578E-15
         6  17  6.533418E-01 -2.283119E-07  5.520405E-08 -2.671458E-13 -8.338035E-02  1.456664E-14
         6  18  6.990802E-01 -1.151608E-04 -1.150910E-04 -2.726058E-13 -8.581203E-02  1.977125E-14
         6  19 -6.076034E-01 -1.143656E-04 -1.150826E-04  1.549581E-03 -9.227002E-02  2.085546E-08
         6  20 -6.533419E-01  1.823815E-07 -1.011344E-07  1.549792E-03 -8.983835E-02 -3.196069E-08
         6  21 -6.990803E-01  1.151148E-04  1.150451E-04  1.550003E-03 -9.227003E-02 -1.887074E-08
         6  22  8.596691E-14  1.030677E-14 -1.309685E-14 -1.122350E-14 -1.018855E-01  2.085546E-08
         6  23  7.831129E-14  1.839200E-15 -3.963479E-14 -7.579710E-15 -9.945379E-02 -3.196071E-08
         6  24  9.751465E-14  1.551859E-14 -2.487835E-14 -5.510912E-15 -1.018855E-01 -1.887073E-08
         6  25  6.076034E-01  1.143656E-04  1.150826E-04 -1.549581E-03 -9.227002E-02  2.085547E-08
         6  26  6.533419E-01 -1.823816E-07  1.011343E-07 -1.549792E-03 -8.983835E-02 -3.196069E-08
         6  27  6.990803E-01 -1.151148E-04 -1.150451E-04 -1.550003E-03 -9.227003E-02 -1.887073E-08
         7   1 -7.263928E-01 -1.150533E-04 -1.150872E-04 -1.549973E-03 -9.227009E-02  4.987210E-09
         7   2 -7.721313E-01 -3.074391E-08 -2.821991E-08 -1.549968E-03 -8.983840E-02  8.356709E-09
         7   3 -8.178697E-01  1.150330E-04  1.150483E-04 -1.549963E-03 -9.227010E-02  4.674018E-09
         7   4  3.252549E-14  5.471785E-15  7.685789E-14  1.649091E-14 -1.018855E-01  4.987215E-09
         7   5  4.084546E-14  1.047247E-14  6.164338E-14  1.021746E-14 -9.945379E-02  8.356685E-09
         7   6  5.352150E-14  2.356206E-14  6.234693E-14  2.568616E-15 -1.018855E-01  4.674012E-09
         7   7  7.263928E-01  1.150533E-04  1.150872E-04  1.549973E-03 -9.227009E-02  4.987232E-09
         7   8  7.721313E-01  3.074391E-08  2.822002E-08  1.549968E-03 -8.983840E-02  8.356713E-09
         7   9  8.178697E-01 -1.150330E-04 -1.150483E-04  1.549963E-03 -9.227010E-02  4.674038E-09
         7  10 -7.263927E-01 -1.150035E-04 -1.150373E-04  2.614510E-13 -8.581202E-02 -7.821156E-15
         7  11 -7.721312E-01  1.907634E-08  2.160035E-08  2.630503E-13 -8.338033E-02  3.556054E-15
         7  12 -8.178696E-01  1.150828E-04  1.150982E-04  2.650587E-13 -8.581201E-02  7.906466E-15
         7  13  4.495683E-14  2.004322E-15  1.978041E-14  1.369115E-14 -9.542741E-02  1.408910E-15
         7  14  3.984999E-14  3.223877E-15  2.999834E-14  1.337630E-14 -9.299572E-02 -9.135770E-15
         7  15  3.021925E-14  3.648116E-15  3.541873E-14  1.103214E-14 -9.542740E-02 -1.617939E-14
         7  16  7.263927E-01  1.150035E-04  1.150373E-04 -2.791845E-13 -8.581202E-02  1.985957E-14
         7  17  7.721312E-01 -1.907636E-08 -2.160034E-08 -2.805691E-13 -8.338033E-02  5.601633E-15
         7  18  8.178696E-01 -1.150828E-04 -1.150982E-04 -2.863127E-13 -8.581201E-02  1.404530E-15
         7  19 -7.263928E-01 -1.150533E-04 -1.150872E-04  1.549973E-03 -9.227009E-02 -4.987236E-09
         7  20 -7.721313E-01 -3.074392E-08 -2.821984E-08  1.549968E-03 -8.983840E-02 -8.356707E-09
         7  21 -8.178697E-01  1.150330E-04  1.150483E-04  1.549963E-03 -9.227010E-02 -4.674011E-09
         7  22  8.224605E-14  1.567248E-14 -4.776809E-15  5.408889E-15 -1.018855E-01 -4.987229E-09
         7  23  7.276230E-14  1.561871E-14  3.007184E-14  1.054322E-14 -9.945379E-02 -8.356735E-09
         7  24  5.902298E-14  1.281876E-14  5.348143E-14  1.279762E-14 -1.018855E-01 -4.674036E-09
         7  25  7.263928E-01  1.150533E-04  1.150872E-04 -1.549973E-03 -9.227009E-02 -4.987226E-09
         7  26  7.721313E-01  3.074395E-08  2.821991E-08 -1.549968E-03 -8.983840E-02 -8.356710E-09
         7  27  8.178697E-01 -1.150330E-04 -1.150483E-04 -1.549963E-03 -9.227010E-02 -4.674035E-09
         8   1 -8.451822E-01 -1.150919E-04 -1.150781E-04 -1.549951E-03 -9.227010E-02  2.279081E-09
         8   2 -8.909207E-01 -1.902514E-08 -7.812785E-09 -1.549939E-03 -8.983842E-02  2.482541E-09
         8   3 -9.366591E-01  1.150521E-04  1.150617E-04 -1.549928E-03 -9.227011E-02  2.993867E-09
         8   4  3.963322E-14  2.607013E-14  6.809353E-14  3.988838E-15 -1.018855E-01  2.279094E-09
         8   5  4.773613E-14  4.570667E-14  1.027411E-13  1.331633E-15 -9.945380E-02  2.482581E-09
         8   6  4.644919E-14  5.602178E-14  1.154107E-13  2.098896E-15 -1.018855E-01  2.993943E-09
         8   7  8.451822E-01  1.150919E-04  1.150781E-04  1.549951E-03 -9.227010E-02  2.279116E-09
         8   8  8.909207E-01  1.902515E-08  7.812965E-09  1.549939E-03 -8.983842E-02  2.482617E-09
         8   9  9.366591E-01 -1.150521E-04 -1.150617E-04  1.549928E-03 -9.227011E-02  2.993970E-09
         8  10 -8.451822E-01 -1.150755E-04 -1.150617E-04  2.628516E-13 -8.581201E-02 -5.098437E-15
         8  11 -8.909206E-01 -2.573793E-09  8.638501E-09  2.535844E-13 -8.338032E-02 -2.839025E-14
         8  12 -9.366591E-01  1.150685E-04  1.150782E-04  2.534331E-13 -8.581201E-02 -3.603608E-14
         8  13  4.913191E-14  1.320567E-14  4.146952E-14  1.233817E-14 -9.542739E-02 -1.451352E-14
         8  14  4.607269E-14  1.555425E-14  3.841030E-14  1.147240E-14 -9.299570E-02 -8.935106E-15
         8  15  4.817981E-14  2.311621E-14  4.735884E-14  1.364282E-14 -9.542739E-02  2.274652E-15
         8  16  8.451822E-01  1.150755E-04  1.150617E-04 -2.692631E-13 -8.581201E-02  1.281205E-15
         8  17  8.909206E-01  2.573723E-09 -8.638475E-09 -2.613594E-13 -8.338032E-02  7.716286E-16
         8  18  9.366591E-01 -1.150685E-04 -1.150782E-04 -2.582741E-13 -8.581201E-02 -1.864574E-14
         8  19 -8.451822E-01 -1.150919E-04 -1.150781E-04  1.549951E-03 -9.227010E-02 -2.279097E-09
         8  20 -8.909207E-01 -1.902515E-08 -7.812827E-09  1.549939E-03 -8.983842E-02 -2.482586E-09
         8  21 -9.366591E-01  1.150521E-04  1.150617E-04  1.549928E-03 -9.227011E-02 -2.993932E-09
         8  22  7.186126E-14  1.625285E-14  5.489454E-14  1.903408E-14 -1.018855E-01 -2.279126E-09
         8  23  9.047552E-14  2.757705E-14  6.885663E-14  1.932215E-14 -9.945380E-02 -2.482575E-09
         8  24  1.291234E-13  5.896478E-14  1.295339E-13  2.235217E-14 -1.018855E-01 -2.993943E-09
         8  25  8.451822E-01  1.150919E-04  1.150781E-04 -1.549951E-03 -9.227010E-02 -2.279109E-09
         8  26  8.909207E-01  1.902513E-08  7.812978E-09 -1.549939E-03 -8.983842E-02 -2.482599E-09
         8  27  9.366591E-01 -1.150521E-04 -1.150617E-04 -1.549928E-03 -9.227011E-02 -2.994013E-09
         9   1 -9.639717E-01 -1.151110E-04 -1.150989E-04 -1.549910E-03 -9.227011E-02  6.753336E-09
         9   2 -1.009710E+00 -1.944385E-08 -2.871211E-08 -1.549925E-03 -8.983843E-02  9.757190E-09
         9   3 -1.055449E+00  1.151553E-04  1.150771E-04 -1.549939E-03 -9.227012E-02 -1.499988E-09
         9   4  2.693333E-14  4.624259E-14  9.452656E-14  1.370702E-14 -1.018855E-01  6.753428E-09
         9   5  2.949089E-14  4.308834E-14  6.588725E-14  1.807019E-14 -9.945381E-02  9.757244E-09
         9   6  2.637970E-14  4.057227E-14  2.720067E-14  2.339618E-14 -1.018855E-01 -1.499912E-09
         9   7  9.639717E-01  1.151110E-04  1.150989E-04  1.549910E-03 -9.227011E-02  6.753423E-09
         9   8  1.009710E+00  1.944377E-08  2.871217E-08  1.549925E-03 -8.983843E-02  9.757242E-09
         9   9  1.055449E+00 -1.151553E-04 -1.150771E-04  1.549939E-03 -9.227012E-02 -1.499900E-09
         9  10 -9.639715E-01 -1.150499E-04 -1.150378E-04  2.550723E-13 -8.581200E-02 -2.700395E-14
         9  11 -1.009710E+00  4.163697E-08  3.236866E-08  2.512033E-13 -8.338030E-02 -9.678556E-15
         9  12 -1.055448E+00  1.152164E-04  1.151382E-04  2.465908E-13 -8.581199E-02  6.679133E-15
         9  13  6.997192E-14  3.483156E-14  6.559341E-14  1.646546E-14 -9.542738E-02  1.390832E-15
         9  14  6.702539E-14  2.832120E-14  5.279524E-14  1.801743E-14 -9.299569E-02  1.592832E-15
         9  15  6.018567E-14  1.874716E-14  1.585326E-14  1.877484E-14 -9.542737E-02  4.141743E-15
         9  16  9.639715E-01  1.150499E-04  1.150378E-04 -2.596763E-13 -8.581200E-02 -3.371168E-14
         9  17  1.009710E+00 -4.163706E-08 -3.236859E-08 -2.528488E-13 -8.338030E-02 -3.462679E-14
         9  18  1.055448E+00 -1.152164E-04 -1.151382E-04 -2.455361E-13 -8.581199E-02 -2.112560E-14
         9  19 -9.639717E-01 -1.151110E-04 -1.150989E-04  1.549910E-03 -9.227011E-02 -6.753397E-09
         9  20 -1.009710E+00 -1.944383E-08 -2.871212E-08  1.549925E-03 -8.983843E-02 -9.757183E-09
         9  21 -1.055449E+00  1.151553E-04  1.150771E-04  1.549939E-03 -9.227012E-02  1.499994E-09
         9  22  9.347078E-14  5.062052E-14  1.471075E-13  1.491200E-14 -1.018855E-01 -6.753407E-09
         9  23  1.111961E-13  5.768121E-14  1.801576E-13  1.188431E-14 -9.945381E-02 -9.757236E-09
         9  24  1.108119E-13  4.903123E-14  1.614384E-13  7.523271E-15 -1.018855E-01  1.499935E-09
         9  25  9.639717E-01  1.151110E-04  1.150989E-04 -1.549910E-03 -9.227011E-02 -6.753475E-09
         9  26  1.009710E+00  1.944380E-08  2.871245E-08 -1.549925E-03 -8.983843E-02 -9.757330E-09
         9  27  1.055449E+00 -1.151553E-04 -1.150771E-04 -1.549939E-03 -9.227012E-02  1.499878E-09
        10   1 -1.082761E+00 -1.148537E-04 -1.150309E-04 -1.549949E-03 -9.227024E-02  1.441166E-08
        10   2 -1.128499E+00  4.080910E-07 -1.714689E-07 -1.550291E-03 -8.983853E-02  4.109172E-08
        10   3 -1.174238E+00  1.161078E-04  1.148757E-04 -1.550633E-03 -9.227022E-02 -7.306455E-09
        10   4  7.721099E-14  6.139193E-14  3.588882E-14  3.335443E-14 -1.018855E-01  1.441171E-08
        10   5  6.185238E-14  3.631900E-14 -1.750809E-14  2.745898E-14 -9.945375E-02  4.109173E-08
        10   6  2.927156E-14 -8.323604E-15 -1.111144E-13  2.291272E-14 -1.018854E-01 -7.306472E-09
        10   7  1.082761E+00  1.148537E-04  1.150309E-04  1.549949E-03 -9.227024E-02  1.441172E-08
        10   8  1.128499E+00 -4.080910E-07  1.714688E-07  1.550291E-03 -8.983853E-02  4.109175E-08
        10   9  1.174238E+00 -1.161078E-04 -1.148757E-04  1.550633E-03 -9.227022E-02 -7.306479E-09
        10  10 -1.082761E+00 -1.149680E-04 -1.151453E-04  2.492378E-13 -8.581201E-02 -1.622052E-16
        10  11 -1.128500E+00  2.937578E-07 -2.858021E-07  2.364512E-13 -8.338033E-02 -1.672789E-14
        10  12 -1.174238E+00  1.159935E-04  1.147613E-04  2.287354E-13 -8.581204E-02 -1.275214E-14
        10  13  6.029533E-14  1.663135E-14  8.847851E-15  1.367462E-14 -9.542723E-02 -5.541962E-15
        10  14  6.622495E-14  4.925822E-15 -7.115077E-15  7.631228E-15 -9.299555E-02 -1.190154E-14
        10  15  5.651443E-14 -1.754960E-14 -3.598156E-14  2.329226E-15 -9.542725E-02 -1.513557E-14
        10  16  1.082761E+00  1.149680E-04  1.151453E-04 -2.528055E-13 -8.581201E-02 -1.814936E-14
        10  17  1.128500E+00 -2.937579E-07  2.858020E-07 -2.394207E-13 -8.338033E-02 -1.222739E-14
        10  18  1.174238E+00 -1.159935E-04 -1.147613E-04 -2.301587E-13 -8.581204E-02 -3.151133E-14
        10  19 -1.082761E+00 -1.148537E-04 -1.150309E-04  1.549949E-03 -9.227024E-02 -1.441167E-08
        10  20 -1.128499E+00  4.080910E-07 -1.714688E-07  1.550291E-03 -8.983853E-02 -4.109175E-08
        10  21 -1.174238E+00  1.161078E-04  1.148757E-04  1.550633E-03 -9.227022E-02  7.306443E-09
        10  22  1.177758E-13  4.074249E-14  1.372055E-13 -8.824578E-15 -1.018855E-01 -1.441171E-08
        10  23  1.028463E-13  3.352686E-15  7.028110E-14 -1.628866E-14 -9.945375E-02 -4.109177E-08
        10  24  1.027380E-13 -2.152908E-14  3.788131E-14 -2.237059E-14 -1.018854E-01  7.306409E-09
        10  25  1.082761E+00  1.148537E-04  1.150309E-04 -1.549949E-03 -9.227024E-02 -1.441176E-08
        10  26  1.128499E+00 -4.080910E-07  1.714690E-07 -1.550291E-03 -8.983853E-02 -4.109181E-08
        10  27  1.174238E+00 -1.161078E-04 -1.148757E-04 -1.550633E-03 -9.227022E-02  7.306430E-09
        11   1 -1.201546E+00 -1.119128E-04 -1.132903E-04 -1.551098E-03 -9.226944E-02 -2.463817E-07
        11   2 -1.247285E+00  3.963040E-06  2.920029E-06 -1.553432E-03 -8.983741E-02 -9.651089E-07
        11   3 -1.293023E+00  1.197847E-04  1.191071E-04 -1.555765E-03 -9.226881E-02 -1.674554E-06
        11   4  4.019189E-14 -1.914796E-14 -1.374114E-13  1.214687E-14 -1.018854E-01 -2.463817E-07
        11   5  3.661695E-14 -3.186799E-14 -1.259352E-13  1.296858E-14 -9.945342E-02 -9.651089E-07
        11   6  2.714022E-14 -5.347866E-14 -1.276127E-13  1.700856E-14 -1.018848E-01 -1.674554E-06
        11   7  1.201546E+00  1.119128E-04  1.132903E-04  1.551098E-03 -9.226944E-02 -2.463817E-07
        11   8  1.247285E+00 -3.963040E-06 -2.920029E-06  1.553432E-03 -8.983741E-02 -9.651090E-07
        11   9  1.293023E+00 -1.197847E-04 -1.191071E-04  1.555765E-03 -9.226881E-02 -1.674554E-06
        11  10 -1.201555E+00 -1.157710E-04 -1.171486E-04  2.345281E-13 -8.581224E-02 -1.882086E-14
        11  11 -1.247294E+00  1.047752E-07 -9.382361E-07  2.194673E-13 -8.338092E-02 -5.334211E-14
        11  12 -1.293032E+00  1.159264E-04  1.152489E-04  2.096671E-13 -8.581303E-02 -5.751779E-14
        11  13  1.131808E-13 -2.270675E-15 -2.364757E-14 -8.026379E-15 -9.542825E-02 -2.338530E-14
        11  14  1.152708E-13 -7.610605E-15 -1.608446E-14 -8.477519E-15 -9.299692E-02 -2.365979E-14
        11  15  1.216473E-13 -1.161432E-14  2.059324E-15 -7.359431E-15 -9.542904E-02 -2.115714E-14
        11  16  1.201555E+00  1.157710E-04  1.171486E-04 -2.185571E-13 -8.581224E-02 -4.139523E-14
        11  17  1.247294E+00 -1.047751E-07  9.382361E-07 -2.051096E-13 -8.338092E-02 -3.681970E-14
        11  18  1.293032E+00 -1.159264E-04 -1.152489E-04 -1.943921E-13 -8.581303E-02 -4.704741E-14
        11  19 -1.201546E+00 -1.119128E-04 -1.132903E-04  1.551098E-03 -9.226944E-02  2.463816E-07
        11  20 -1.247285E+00  3.963040E-06  2.920029E-06  1.553432E-03 -8.983741E-02  9.651088E-07
        11  21 -1.293023E+00  1.197847E-04  1.191071E-04  1.555765E-03 -9.226881E-02  1.674554E-06
        11  22  1.566907E-13 -1.221710E-14  3.053495E-14 -2.306038E-14 -1.018854E-01  2.463816E-07
        11  23  1.536800E-13 -2.818162E-14 -1.571356E-14 -2.420489E-14 -9.945342E-02  9.651088E-07
        11  24  1.566181E-13 -3.751745E-14 -3.453119E-14 -2.579695E-14 -1.018848E-01  1.674554E-06
        11  25  1.201546E+00  1.119128E-04  1.132903E-04 -1.551098E-03 -9.226944E-02  2.463816E-07
        11  26  1.247285E+00 -3.963040E-06 -2.920029E-06 -1.553432E-03 -8.983741E-02  9.651089E-07
        11  27  1.293023E+00 -1.197847E-04 -1.191071E-04 -1.555765E-03 -9.226881E-02  1.674554E-06
        12   1 -1.320323E+00 -1.026060E-04 -1.064165E-04 -1.563151E-03 -9.227091E-02 -2.197151E-06
        12   2 -1.366054E+00  3.963130E-06  1.777430E-06 -1.553671E-03 -8.983826E-02  5.433621E-07
        12   3 -1.411800E+00  7.589398E-05  9.512640E-05 -1.544191E-03 -9.226770E-02  9.221872E-06
        12   4 -1.838432E-16 -6.884317E-14 -1.416644E-13 -5.962587E-15 -1.018817E-01 -2.197151E-06
        12   5  2.517199E-14 -3.759256E-14 -1.026257E-13 -1.327972E-14 -9.944909E-02  5.433621E-07
        12   6  6.668853E-14  1.499259E-14 -1.445071E-14 -2.199716E-14 -1.018785E-01  9.221872E-06
        12   7  1.320323E+00  1.026060E-04  1.064165E-04  1.563151E-03 -9.227091E-02 -2.197151E-06
        12   8  1.366054E+00 -3.963130E-06 -1.777430E-06  1.553671E-03 -8.983826E-02  5.433620E-07
        12   9  1.411800E+00 -7.589398E-05 -9.512640E-05  1.544191E-03 -9.226770E-02  9.221872E-06
        12  10 -1.320369E+00 -1.222199E-04 -1.260304E-04  2.065875E-13 -8.581491E-02 -5.150384E-14
        12  11 -1.366100E+00 -1.565076E-05 -1.783646E-05  1.966277E-13 -8.338586E-02 -3.289595E-14
        12  12 -1.411846E+00  5.628009E-05  7.551251E-05  1.824693E-13 -8.581892E-02 -3.090075E-14
        12  13  8.688577E-14 -2.458413E-14 -1.231723E-15 -5.494950E-15 -9.542575E-02 -1.839583E-14
        12  14  8.932928E-14 -1.340947E-14  2.853727E-15 -7.102437E-15 -9.299670E-02 -2.054968E-14
        12  15  1.035978E-13  9.940780E-15  2.943676E-14 -8.764254E-15 -9.542976E-02 -9.523965E-15
        12  16  1.320369E+00  1.222199E-04  1.260304E-04 -1.945167E-13 -8.581491E-02 -4.942423E-14
        12  17  1.366100E+00  1.565076E-05  1.783646E-05 -1.853140E-13 -8.338586E-02 -4.473850E-14
        12  18  1.411846E+00 -5.628009E-05 -7.551251E-05 -1.757181E-13 -8.581892E-02 -1.836543E-14
        12  19 -1.320323E+00 -1.026060E-04 -1.064165E-04  1.563151E-03 -9.227091E-02  2.197151E-06
        12  20 -1.366054E+00  3.963130E-06  1.777430E-06  1.553671E-03 -8.983826E-02 -5.433622E-07
        12  21 -1.411800E+00  7.589398E-05  9.512640E-05  1.544191E-03 -9.226770E-02 -9.221872E-06
        12  22  1.259821E-13 -4.701824E-14 -3.465449E-14 -7.450833E-15 -1.018817E-01  2.197151E-06
        12  23  1.448364E-13 -2.053870E-14  1.238655E-14 -2.311387E-15 -9.944909E-02 -5.433621E-07
        12  24  1.536104E-13 -4.216534E-15  3.005438E-14  1.648255E-15 -1.018785E-01 -9.221872E-06
        12  25  1.320323E+00  1.026060E-04  1.064165E-04 -1.563151E-03 -9.227091E-02  2.197151E-06
        12  26  1.366054E+00 -3.963130E-06 -1.777430E-06 -1.553671E-03 -8.983826E-02 -5.433621E-07
        12  27  1.411800E+00 -7.589398E-05 -9.512640E-05 -1.544191E-03 -9.226770E-02 -9.221872E-06
        13   1 -1.439190E+00 -2.079588E-04 -1.299993E-04 -1.520302E-03 -9.218084E-02 -5.090236E-06
        13   2 -1.484907E+00 -1.481552E-04  1.340540E-04 -1.428374E-03 -8.975283E-02 -5.579636E-05
        13   3 -1.530667E+00 -1.876567E-04  3.555480E-04 -1.336445E-03 -9.218891E-02 -8.947874E-05
        13   4  1.691815E-14  2.623234E-15 -1.263678E-14 -1.510724E-14 -1.019071E-01 -5.090236E-06
        13   5  1.715808E-14 -1.560305E-15 -1.595439E-14 -1.675990E-14 -9.947910E-02 -5.579636E-05
        13   6  1.465290E-14 -3.255277E-15 -3.091096E-14 -1.814312E-14 -1.019152E-01 -8.947874E-05
        13   7  1.439190E+00  2.079588E-04  1.299993E-04  1.520302E-03 -9.218084E-02 -5.090236E-06
        13   8  1.484907E+00  1.481552E-04 -1.340540E-04  1.428374E-03 -8.975283E-02 -5.579636E-05
        13   9  1.530667E+00  1.876567E-04 -3.555480E-04  1.336445E-03 -9.218891E-02 -8.947874E-05
        13  10 -1.439075E+00 -1.586331E-04 -8.067365E-05  1.896968E-13 -8.581306E-02 -3.365170E-14
        13  11 -1.484792E+00 -9.882952E-05  1.833797E-04  1.866977E-13 -8.337597E-02 -2.665967E-14
        13  12 -1.530552E+00 -1.383311E-04  4.048736E-04  1.846210E-13 -8.580297E-02 -5.818211E-15
        13  13  1.061560E-13  1.308230E-14  3.007944E-14 -1.516353E-14 -9.553933E-02 -9.944453E-15
        13  14  1.046578E-13  6.302468E-15  1.051982E-14 -1.037632E-14 -9.310224E-02 -7.394020E-15
        13  15  9.593539E-14 -1.826408E-15 -2.939943E-14 -4.281719E-15 -9.552924E-02 -1.189640E-15
        13  16  1.439075E+00  1.586331E-04  8.067365E-05 -1.835410E-13 -8.581306E-02 -1.294680E-14
        13  17  1.484792E+00  9.882952E-05 -1.833797E-04 -1.852391E-13 -8.337597E-02 -8.957284E-15
        13  18  1.530552E+00  1.383311E-04 -4.048736E-04 -1.829244E-13 -8.580297E-02 -1.367631E-14
        13  19 -1.439190E+00 -2.079588E-04 -1.299993E-04  1.520302E-03 -9.218084E-02  5.090236E-06
        13  20 -1.484907E+00 -1.481552E-04  1.340540E-04  1.428374E-03 -8.975283E-02  5.579636E-05
        13  21 -1.530667E+00 -1.876567E-04  3.555480E-04  1.336445E-03 -9.218891E-02  8.947874E-05
        13  22  1.852472E-13  1.245399E-14  4.650323E-14 -1.339082E-14 -1.019071E-01  5.090236E-06
        13  23  2.096287E-13  2.592393E-14  5.857016E-14 -1.731539E-15 -9.947910E-02  5.579636E-05
        13  24  2.268331E-13  3.742482E-14  4.868256E-14  1.164878E-14 -1.019152E-01  8.947874E-05
        13  25  1.439190E+00  2.079588E-04  1.299993E-04 -1.520302E-03 -9.218084E-02  5.090236E-06
        13  26  1.484907E+00  1.481552E-04 -1.340540E-04 -1.428374E-03 -8.975283E-02  5.579636E-05
        13  27  1.530667E+00  1.876567E-04 -3.555480E-04 -1.336445E-03 -9.218891E-02  8.947874E-05
        14   1 -1.559449E+00 -1.164022E-03 -8.184605E-04 -1.346961E-03 -9.299914E-02  1.079242E-04
        14   2 -1.605118E+00 -1.399056E-03 -1.905846E-03 -2.493215E-04 -9.071426E-02  8.463332E-04
        14   3 -1.650932E+00 -1.971546E-03 -3.137856E-03  8.483177E-04 -9.323596E-02  1.642592E-03
        14   4  3.085245E-14  1.750469E-15 -3.290959E-14  9.490081E-16 -1.018355E-01  1.079242E-04
        14   5  3.611453E-14  5.282561E-16 -2.600556E-14  2.868044E-16 -9.955066E-02  8.463332E-04
        14   6  4.449160E-14  2.241440E-15 -1.461827E-14 -3.679652E-16 -1.020724E-01  1.642592E-03
        14   7  1.559449E+00  1.164022E-03  8.184605E-04  1.346961E-03 -9.299914E-02  1.079242E-04
        14   8  1.605118E+00  1.399056E-03  1.905846E-03  2.493215E-04 -9.071426E-02  8.463332E-04
        14   9  1.650932E+00  1.971546E-03  3.137856E-03 -8.483177E-04 -9.323596E-02  1.642592E-03
        14  10 -1.556071E+00  2.837012E-04  6.292627E-04  1.788244E-13 -8.565130E-02 -7.633437E-15
        14  11 -1.601740E+00  4.866710E-05 -4.581232E-04  1.818071E-13 -8.310000E-02 -2.424749E-14
        14  12 -1.647554E+00 -5.238228E-04 -1.690133E-03  1.845698E-13 -8.535528E-02 -2.510726E-14
        14  13  9.532903E-14 -3.058787E-15 -3.493160E-14  2.118695E-15 -9.448769E-02 -2.185968E-15
        14  14  1.002929E-13 -4.611877E-15 -1.683217E-14  2.918933E-15 -9.193639E-02  6.524456E-15
        14  15  1.151812E-13  3.673850E-15  2.213786E-14  3.020203E-15 -9.419167E-02  3.849805E-15
        14  16  1.556071E+00 -2.837012E-04 -6.292627E-04 -2.105484E-13 -8.565130E-02 -1.212570E-14
        14  17  1.601740E+00 -4.866710E-05  4.581232E-04 -2.063005E-13 -8.310000E-02 -8.113526E-15
        14  18  1.647554E+00  5.238228E-04  1.690133E-03 -2.056339E-13 -8.535528E-02 -3.328192E-15
        14  19 -1.559449E+00 -1.164022E-03 -8.184605E-04  1.346961E-03 -9.299914E-02 -1.079242E-04
        14  20 -1.605118E+00 -1.399056E-03 -1.905846E-03  2.493215E-04 -9.071426E-02 -8.463332E-04
        14  21 -1.650932E+00 -1.971546E-03 -3.137856E-03 -8.483177E-04 -9.323596E-02 -1.642592E-03
        14  22  1.823032E-13  1.388553E-14  1.332013E-14  6.021518E-16 -1.018355E-01 -1.079242E-04
        14  23  1.696580E-13 -7.319031E-15 -4.661387E-15  2.497809E-15 -9.955066E-02 -8.463332E-04
        14  24  1.693573E-13 -1.445165E-14  1.036267E-14  3.543962E-15 -1.020724E-01 -1.642592E-03
        14  25  1.559449E+00  1.164022E-03  8.184605E-04 -1.346961E-03 -9.299914E-02 -1.079242E-04
        14  26  1.605118E+00  1.399056E-03  1.905846E-03 -2.493215E-04 -9.071426E-02 -8.463332E-04
        14  27  1.650932E+00  1.971546E-03  3.137856E-03  8.483177E-04 -9.323596E-02 -1.642592E-03
        15   1 -1.680851E+00 -4.549835E-03 -2.192113E-03  5.357867E-03 -8.686028E-02  5.736072E-04
        15   2 -1.730282E+00 -2.183251E-04  8.346761E-03 -2.075720E-03 -8.445351E-02 -5.864947E-03
        15   3 -1.772233E+00  2.156714E-02  2.636590E-02 -9.509307E-03 -8.776848E-02 -1.529561E-02
        15   4  2.092761E-14 -1.338022E-14 -4.611830E-14 -1.331564E-14 -1.036281E-01  5.736072E-04
        15   5  2.108808E-14 -6.529238E-15 -4.828391E-14 -1.123456E-14 -1.012213E-01 -5.864947E-03
        15   6  3.371277E-14  1.266623E-14 -2.006079E-14 -7.303744E-15 -1.045363E-01 -1.529561E-02
        15   7  1.680851E+00  4.549835E-03  2.192113E-03 -5.357867E-03 -8.686028E-02  5.736072E-04
        15   8  1.730282E+00  2.183251E-04 -8.346761E-03  2.075720E-03 -8.445351E-02 -5.864947E-03
        15   9  1.772233E+00 -2.156714E-02 -2.636590E-02  9.509307E-03 -8.776848E-02 -1.529561E-02
        15  10 -1.667896E+00  1.002173E-03  3.359896E-03  1.727861E-13 -8.585105E-02 -1.847156E-14
        15  11 -1.717327E+00  5.333683E-03  1.389877E-02  1.846332E-13 -8.242256E-02  8.803858E-15
        15  12 -1.759278E+00  2.711915E-02  3.191791E-02  1.948898E-13 -8.471580E-02  7.462390E-15
        15  13  1.145677E-13  4.431633E-15  3.000773E-14 -5.406020E-16 -1.026188E-01  7.925111E-15
        15  14  1.171151E-13  2.530850E-15  1.312555E-14  7.481878E-16 -9.919035E-02  1.164408E-14
        15  15  1.202099E-13  1.177381E-15 -1.293724E-15  3.851434E-15 -1.014836E-01  1.318825E-15
        15  16  1.667896E+00 -1.002173E-03 -3.359896E-03 -1.756097E-13 -8.585105E-02 -1.687128E-15
        15  17  1.717327E+00 -5.333683E-03 -1.389877E-02 -1.831806E-13 -8.242256E-02  8.037578E-15
        15  18  1.759278E+00 -2.711915E-02 -3.191791E-02 -1.847089E-13 -8.471580E-02  3.210059E-14
        15  19 -1.680851E+00 -4.549835E-03 -2.192113E-03 -5.357867E-03 -8.686028E-02 -5.736072E-04
        15  20 -1.730282E+00 -2.183251E-04  8.346761E-03  2.075720E-03 -8.445351E-02  5.864947E-03
        15  21 -1.772233E+00  2.156714E-02  2.636590E-02  9.509307E-03 -8.776848E-02  1.529561E-02
        15  22  1.610255E-13 -2.171478E-14  7.640842E-15  7.938001E-15 -1.036281E-01 -5.736072E-04
        15  23  1.884447E-13 -1.119099E-14  2.329278E-14  8.468005E-15 -1.012213E-01  5.864947E-03
        15  24  2.051463E-13 -1.062361E-14  1.851238E-14  1.084560E-14 -1.045363E-01  1.529561E-02
        15  25  1.680851E+00  4.549835E-03  2.192113E-03  5.357867E-03 -8.686028E-02 -5.736072E-04
        15  26  1.730282E+00  2.183251E-04 -8.346761E-03 -2.075720E-03 -8.445351E-02  5.864947E-03
        15  27  1.772233E+00 -2.156714E-02 -2.636590E-02 -9.509307E-03 -8.776848E-02  1.529561E-02
        16   1 -1.783631E+00  4.230189E-02 -4.842364E-04 -4.048985E-02 -1.788424E-01  3.386786E-03
        16   2 -1.824649E+00  5.157968E-02 -1.359710E-01 -3.426238E-02 -1.775845E-01  8.151760E-02
        16   3 -1.875608E+00  3.766085E-02 -2.813991E-01 -2.803490E-02 -1.766616E-01  1.636250E-01
        16   4  1.758586E-14  7.465104E-15 -2.236803E-14 -2.081950E-15 -9.108758E-02  3.386786E-03
        16   5 -1.506070E-14 -1.315787E-14 -4.119493E-14 -5.413712E-15 -8.982967E-02  8.151760E-02
        16   6 -4.016032E-14 -2.474590E-14 -3.974983E-14 -5.288866E-15 -8.890673E-02  1.636250E-01
        16   7  1.783631E+00 -4.230189E-02  4.842364E-04  4.048985E-02 -1.788424E-01  3.386786E-03
        16   8  1.824649E+00 -5.157968E-02  1.359710E-01  3.426238E-02 -1.775845E-01  8.151760E-02
        16   9  1.875608E+00 -3.766085E-02  2.813991E-01  2.803490E-02 -1.766616E-01  1.636250E-01
        16  10 -1.814739E+00  2.896990E-02 -1.381622E-02  2.191416E-13 -7.270263E-02 -2.818199E-17
        16  11 -1.855757E+00  3.824769E-02 -1.493030E-01  2.122890E-13 -7.389818E-02 -1.767811E-14
        16  12 -1.906716E+00  2.432887E-02 -2.947311E-01  2.157897E-13 -7.542870E-02 -2.400547E-14
        16  13  9.377882E-14 -1.096324E-14 -1.499976E-14  1.988376E-15  1.505221E-02 -9.636735E-16
        16  14  9.539106E-14 -9.208171E-15 -5.451471E-15 -9.694962E-16  1.385667E-02 -1.200116E-14
        16  15  1.038725E-13 -4.556078E-16  1.821793E-14 -4.295323E-16  1.232615E-02 -2.903205E-15
        16  16  1.814739E+00 -2.896990E-02  1.381622E-02 -1.733872E-13 -7.270263E-02  2.448827E-14
        16  17  1.855757E+00 -3.824769E-02  1.493030E-01 -1.740178E-13 -7.389818E-02 -2.550253E-14
        16  18  1.906716E+00 -2.432887E-02  2.947311E-01 -1.746303E-13 -7.542870E-02 -5.030829E-14
        16  19 -1.783631E+00  4.230189E-02 -4.842364E-04  4.048985E-02 -1.788424E-01 -3.386786E-03
        16  20 -1.824649E+00  5.157968E-02 -1.359710E-01  3.426238E-02 -1.775845E-01 -8.151760E-02
        16  21 -1.875608E+00  3.766085E-02 -2.813991E-01  2.803490E-02 -1.766616E-01 -1.636250E-01
        16  22  1.661342E-13 -3.104850E-14 -9.279835E-15  8.993230E-15 -9.108758E-02 -3.386786E-03
        16  23  1.899194E-13 -2.042932E-14 -4.650570E-15  6.573763E-15 -8.982967E-02 -8.151760E-02
        16  24  2.232741E-13  7.513045E-16  2.398353E-14  7.411151E-15 -8.890673E-02 -1.636250E-01
        16  25  1.783631E+00 -4.230189E-02  4.842364E-04 -4.048985E-02 -1.788424E-01 -3.386786E-03
        16  26  1.824649E+00 -5.157968E-02  1.359710E-01 -3.426238E-02 -1.775845E-01 -8.151760E-02
        16  27  1.875608E+00 -3.766085E-02  2.813991E-01 -2.803490E-02 -1.766616E-01 -1.636250E-01
        17   1 -1.875608E+00  3.766085E-02 -2.813991E-01  2.803490E-02  1.766616E-01  1.636250E-01
        17   2 -1.824649E+00  5.157968E-02 -1.359710E-01  3.426238E-02  1.775845E-01  8.151760E-02
        17   3 -1.783631E+00  4.230189E-02 -4.842364E-04  4.048985E-02  1.788424E-01  3.386786E-03
        17   4  1.665154E-14 -2.017481E-15 -1.553200E-14 -1.993733E-15  8.890673E-02  1.636250E-01
        17   5 -7.108908E-15 -4.739324E-15 -7.084389E-16 -1.233145E-14  8.982967E-02  8.151760E-02
        17   6 -6.890712E-15  1.790073E-14  7.089623E-14 -1.839029E-14  9.108758E-02  3.386786E-03
        17   7  1.875608E+00 -3.766085E-02  2.813991E-01 -2.803490E-02  1.766616E-01  1.636250E-01
        17   8  1.824649E+00 -5.157968E-02  1.359710E-01 -3.426238E-02  1.775845E-01  8.151760E-02
        17   9  1.783631E+00 -4.230189E-02  4.842364E-04 -4.048985E-02  1.788424E-01  3.386786E-03
        17  10 -1.906716E+00  2.432887E-02 -2.947311E-01  2.172687E-13  7.542870E-02 -1.242371E-14
        17  11 -1.855757E+00  3.824769E-02 -1.493030E-01  2.179178E-13  7.389818E-02  1.492214E-14
        17  12 -1.814739E+00  2.896990E-02 -1.381622E-02  2.240772E-13  7.270263E-02  1.946943E-14
        17  13  9.684068E-14 -3.711998E-15  1.655448E-14  4.045241E-15 -1.232615E-02 -5.254346E-15
        17  14  9.634690E-14 -2.310036E-15  2.536503E-14 -3.742425E-15 -1.385667E-02 -2.091584E-15
        17  15  1.072826E-13  1.153048E-14  5.983517E-14 -7.406826E-15 -1.505221E-02  1.671226E-15
        17  16  1.906716E+00 -2.432887E-02  2.947311E-01 -1.710699E-13  7.542870E-02 -5.512651E-14
        17  17  1.855757E+00 -3.824769E-02  1.493030E-01 -1.750489E-13  7.389818E-02 -2.870230E-14
        17  18  1.814739E+00 -2.896990E-02  1.381622E-02 -1.754244E-13  7.270263E-02  1.185396E-14
        17  19 -1.875608E+00  3.766085E-02 -2.813991E-01 -2.803490E-02  1.766616E-01 -1.636250E-01
        17  20 -1.824649E+00  5.157968E-02 -1.359710E-01 -3.426238E-02  1.775845E-01 -8.151760E-02
        17  21 -1.783631E+00  4.230189E-02 -4.842364E-04 -4.048985E-02  1.788424E-01 -3.386786E-03
        17  22  1.697011E-13 -1.907586E-14  1.103520E-14  9.435510E-15  8.890673E-02 -1.636250E-01
        17  23  1.973753E-13 -8.280462E-15  2.542212E-14  4.011527E-15  8.982967E-02 -8.151760E-02
        17  24  2.081061E-13 -1.374546E-14 -7.469442E-16  2.829130E-15  9.108758E-02 -3.386786E-03
        17  25  1.875608E+00 -3.766085E-02  2.813991E-01  2.803490E-02  1.766616E-01 -1.636250E-01
        17  26  1.824649E+00 -5.157968E-02  1.359710E-01  3.426238E-02  1.775845E-01 -8.151760E-02
        17  27  1.783631E+00 -4.230189E-02  4.842364E-04  4.048985E-02  1.788424E-01 -3.386786E-03
        18   1 -1.772233E+00  2.156714E-02  2.636590E-02  9.509307E-03  8.776848E-02 -1.529561E-02
        18   2 -1.730282E+00 -2.183251E-04  8.346761E-03  2.075720E-03  8.445351E-02 -5.864947E-03
        18   3 -1.680851E+00 -4.549835E-03 -2.192113E-03 -5.357867E-03  8.686028E-02  5.736072E-04
        18   4 -9.083990E-14 -1.073081E-14  5.064066E-14 -1.029015E-14  1.045363E-01 -1.529561E-02
        18   5 -7.590817E-14  4.589046E-15  5.544709E-14 -7.500046E-15  1.012213E-01 -5.864947E-03
        18   6 -5.584538E-14  2.805019E-14  7.277332E-14 -6.997715E-15  1.036281E-01  5.736072E-04
        18   7  1.772233E+00 -2.156714E-02 -2.636590E-02 -9.509307E-03  8.776848E-02 -1.529561E-02
        18   8  1.730282E+00  2.183251E-04 -8.346761E-03 -2.075720E-03  8.445351E-02 -5.864947E-03
        18   9  1.680851E+00  4.549835E-03  2.192113E-03  5.357867E-03  8.686028E-02  5.736072E-04
        18  10 -1.759278E+00  2.711915E-02  3.191791E-02  2.098714E-13  8.471580E-02  1.154953E-14
        18  11 -1.717327E+00  5.333683E-03  1.389877E-02  2.083402E-13  8.242256E-02 -2.501433E-14
        18  12 -1.667896E+00  1.002173E-03  3.359896E-03  2.066377E-13  8.585105E-02 -3.941068E-14
        18  13  1.152240E-13  8.425940E-15  3.709498E-14  4.634869E-15  1.014836E-01  5.164610E-15
        18  14  9.886194E-14  7.639586E-17  6.913255E-15  7.125424E-15  9.919035E-02 -9.787718E-16
        18  15  9.874612E-14  9.384129E-15  9.670828E-15  7.421782E-15  1.026188E-01 -1.154797E-14
        18  16  1.759278E+00 -2.711915E-02 -3.191791E-02 -1.789699E-13  8.471580E-02  2.461929E-14
        18  17  1.717327E+00 -5.333683E-03 -1.389877E-02 -1.778060E-13  8.242256E-02  7.443316E-15
        18  18  1.667896E+00 -1.002173E-03 -3.359896E-03 -1.815481E-13  8.585105E-02 -2.879581E-14
        18  19 -1.772233E+00  2.156714E-02  2.636590E-02 -9.509307E-03  8.776848E-02  1.529561E-02
        18  20 -1.730282E+00 -2.183251E-04  8.346761E-03 -2.075720E-03  8.445351E-02  5.864947E-03
        18  21 -1.680851E+00 -4.549835E-03 -2.192113E-03  5.357867E-03  8.686028E-02 -5.736072E-04
        18  22  2.952606E-13  1.255294E-14 -1.519438E-16  1.615350E-14  1.045363E-01  1.529561E-02
        18  23  2.626601E-13 -4.496116E-15 -3.069996E-14  1.847375E-14  1.012213E-01  5.864947E-03
        18  24  2.575665E-13  8.339001E-15  1.150040E-15  1.892428E-14  1.036281E-01 -5.736072E-04
        18  25  1.772233E+00 -2.156714E-02 -2.636590E-02  9.509307E-03  8.776848E-02  1.529561E-02
        18  26  1.730282E+00  2.183251E-04 -8.346761E-03  2.075720E-03  8.445351E-02  5.864947E-03
        18  27  1.680851E+00  4.549835E-03  2.192113E-03 -5.357867E-03  8.686028E-02 -5.736072E-04
        19   1 -1.650932E+00 -1.971546E-03 -3.137856E-03 -8.483177E-04  9.323596E-02  1.642592E-03
        19   2 -1.605118E+00 -1.399056E-03 -1.905846E-03  2.493215E-04  9.071426E-02  8.463332E-04
        19   3 -1.559449E+00 -1.164022E-03 -8.184605E-04  1.346961E-03  9.299914E-02  1.079242E-04
        19   4 -7.921104E-14  1.321054E-14  3.996650E-14  1.837780E-14  1.020724E-01  1.642592E-03
        19   5 -8.368762E-14 -7.816211E-15 -9.663458E-15  2.002086E-14  9.955066E-02  8.463332E-04
        19   6 -7.203556E-14 -1.045665E-14 -2.510342E-14  1.882249E-14  1.018355E-01  1.079242E-04
        19   7  1.650932E+00  1.971546E-03  3.137856E-03  8.483177E-04  9.323596E-02  1.642592E-03
        19   8  1.605118E+00  1.399056E-03  1.905846E-03 -2.493215E-04  9.071426E-02  8.463332E-04
        19   9  1.559449E+00  1.164022E-03  8.184605E-04 -1.346961E-03  9.299914E-02  1.079242E-04
        19  10 -1.647554E+00 -5.238228E-04 -1.690133E-03  1.956909E-13  8.535528E-02 -2.815306E-14
        19  11 -1.601740E+00  4.866710E-05 -4.581232E-04  1.902517E-13  8.310000E-02 -6.731573E-15
        19  12 -1.556071E+00  2.837012E-04  6.292627E-04  1.841294E-13  8.565130E-02 -3.668355E-14
        19  13  8.587670E-14  5.535328E-15  1.034742E-14  1.473787E-14  9.419167E-02  2.884798E-15
        19  14  7.966064E-14 -9.698568E-15 -4.625655E-15  1.825437E-14  9.193639E-02  2.224899E-15
        19  15  7.443017E-14 -2.080837E-14 -1.806583E-14  1.915205E-14  9.448769E-02 -1.705425E-14
        19  16  1.647554E+00  5.238228E-04  1.690133E-03 -1.849054E-13  8.535528E-02 -3.902501E-14
        19  17  1.601740E+00 -4.866710E-05  4.581232E-04 -1.713741E-13  8.310000E-02 -3.778202E-14
        19  18  1.556071E+00 -2.837012E-04 -6.292627E-04 -1.631413E-13  8.565130E-02 -5.221423E-14
        19  19 -1.650932E+00 -1.971546E-03 -3.137856E-03  8.483177E-04  9.323596E-02 -1.642592E-03
        19  20 -1.605118E+00 -1.399056E-03 -1.905846E-03 -2.493215E-04  9.071426E-02 -8.463332E-04
        19  21 -1.559449E+00 -1.164022E-03 -8.184605E-04 -1.346961E-03  9.299914E-02 -1.079242E-04
        19  22  2.709927E-13  2.041969E-14  3.619517E-14  8.030729E-15  1.020724E-01 -1.642592E-03
        19  23  2.578035E-13  7.523741E-15  4.900333E-14  1.329949E-14  9.955066E-02 -8.463332E-04
        19  24  2.258410E-13 -2.057941E-14  1.977739E-14  1.639436E-14  1.018355E-01 -1.079242E-04
        19  25  1.650932E+00  1.971546E-03  3.137856E-03 -8.483177E-04  9.323596E-02 -1.642592E-03
        19  26  1.605118E+00  1.399056E-03  1.905846E-03  2.493215E-04  9.071426E-02 -8.463332E-04
        19  27  1.559449E+00  1.164022E-03  8.184605E-04  1.346961E-03  9.299914E-02 -1.079242E-04
        20   1 -1.530667E+00 -1.876567E-04  3.555480E-04  1.336445E-03  9.218891E-02 -8.947874E-05
        20   2 -1.484907E+00 -1.481552E-04  1.340540E-04  1.428374E-03  8.975283E-02 -5.579636E-05
        20   3 -1.439190E+00 -2.079588E-04 -1.299993E-04  1.520302E-03  9.218084E-02 -5.090235E-06
        20   4 -1.066716E-13 -2.340722E-14 -4.044666E-14 -2.123418E-15  1.019152E-01 -8.947874E-05
        20   5 -1.103730E-13 -2.948957E-14 -7.753414E-14  3.600929E-15  9.947910E-02 -5.579636E-05
        20   6 -1.344831E-13 -5.692143E-14 -1.630803E-13  8.207126E-15  1.019071E-01 -5.090235E-06
        20   7  1.530667E+00  1.876567E-04 -3.555480E-04 -1.336445E-03  9.218891E-02 -8.947874E-05
        20   8  1.484907E+00  1.481552E-04 -1.340540E-04 -1.428374E-03  8.975283E-02 -5.579636E-05
        20   9  1.439190E+00  2.079588E-04  1.299993E-04 -1.520302E-03  9.218084E-02 -5.090235E-06
        20  10 -1.530552E+00 -1.383311E-04  4.048736E-04  1.760709E-13  8.580297E-02 -5.733130E-14
        20  11 -1.484792E+00 -9.882952E-05  1.833797E-04  1.658061E-13  8.337597E-02 -5.211797E-14
        20  12 -1.439075E+00 -1.586332E-04 -8.067366E-05  1.500068E-13  8.581306E-02 -1.913385E-14
        20  13  9.518614E-14 -1.543310E-14 -1.591852E-14  1.374290E-15  9.552924E-02 -2.032051E-14
        20  14  9.572530E-14 -2.037795E-14 -2.577831E-14  7.435951E-15  9.310224E-02 -1.827059E-14
        20  15  9.101154E-14 -3.101186E-14 -4.745880E-14  1.247558E-14  9.553933E-02 -2.425131E-14
        20  16  1.530552E+00  1.383311E-04 -4.048736E-04 -1.592360E-13  8.580297E-02 -4.245381E-14
        20  17  1.484792E+00  9.882952E-05 -1.833797E-04 -1.453247E-13  8.337597E-02 -3.098978E-14
        20  18  1.439075E+00  1.586332E-04  8.067366E-05 -1.285754E-13  8.581306E-02 -4.738422E-14
        20  19 -1.530667E+00 -1.876567E-04  3.555480E-04 -1.336445E-03  9.218891E-02  8.947874E-05
        20  20 -1.484907E+00 -1.481552E-04  1.340540E-04 -1.428374E-03  8.975283E-02  5.579636E-05
        20  21 -1.439190E+00 -2.079588E-04 -1.299993E-04 -1.520302E-03  9.218084E-02  5.090235E-06
        20  22  3.112655E-13  3.658858E-16  2.091563E-14 -1.964969E-15  1.019152E-01  8.947874E-05
        20  23  2.754969E-13 -4.222802E-14 -5.097563E-14  4.881891E-15  9.947910E-02  5.579636E-05
        20  24  2.753593E-13 -4.989220E-14 -3.961964E-14  1.052062E-14  1.019071E-01  5.090235E-06
        20  25  1.530667E+00  1.876567E-04 -3.555480E-04  1.336445E-03  9.218891E-02  8.947874E-05
        20  26  1.484907E+00  1.481552E-04 -1.340540E-04  1.428374E-03  8.975283E-02  5.579636E-05
        20  27  1.439190E+00  2.079588E-04  1.299993E-04  1.520302E-03  9.218084E-02  5.090235E-06
        21   1 -1.411800E+00  7.589396E-05  9.512639E-05  1.544191E-03  9.226770E-02  9.221873E-06
        21   2 -1.366054E+00  3.963095E-06  1.777420E-06  1.553671E-03  8.983826E-02  5.433652E-07
        21   3 -1.320323E+00 -1.026061E-04 -1.064165E-04  1.563151E-03  9.227091E-02 -2.197144E-06
        21   4 -7.437985E-14 -3.417044E-14 -1.592135E-13 -3.383405E-15  1.018785E-01  9.221873E-06
        21   5 -8.255598E-14 -3.062579E-14 -1.520648E-13 -2.001592E-15  9.944909E-02  5.433652E-07
        21   6 -9.501869E-14 -3.389049E-14 -1.464662E-13  6.188258E-16  1.018817E-01 -2.197144E-06
        21   7  1.411800E+00 -7.589396E-05 -9.512639E-05 -1.544191E-03  9.226770E-02  9.221873E-06
        21   8  1.366054E+00 -3.963095E-06 -1.777420E-06 -1.553671E-03  8.983826E-02  5.433651E-07
        21   9  1.320323E+00  1.026061E-04  1.064165E-04 -1.563151E-03  9.227091E-02 -2.197144E-06
        21  10 -1.411846E+00  5.628010E-05  7.551253E-05  1.311612E-13  8.581892E-02 -1.281061E-14
        21  11 -1.366100E+00 -1.565077E-05 -1.783644E-05  1.283049E-13  8.338586E-02 -1.741115E-14
        21  12 -1.320369E+00 -1.222200E-04 -1.260304E-04  1.258810E-13  8.581491E-02 -4.576689E-15
        21  13  1.230372E-13 -2.013845E-14 -4.881922E-14  6.956026E-15  9.542976E-02 -2.734377E-14
        21  14  1.100424E-13 -1.944529E-14 -5.250972E-14  5.800628E-15  9.299670E-02 -1.374548E-14
        21  15  1.121906E-13 -1.242596E-14 -3.339478E-14  5.141867E-15  9.542575E-02 -1.977778E-14
        21  16  1.411846E+00 -5.628010E-05 -7.551253E-05 -1.323239E-13  8.581892E-02 -5.258492E-14
        21  17  1.366100E+00  1.565077E-05  1.783644E-05 -1.243667E-13  8.338586E-02 -2.078992E-14
        21  18  1.320369E+00  1.222200E-04  1.260304E-04 -1.171116E-13  8.581491E-02 -2.497857E-14
        21  19 -1.411800E+00  7.589396E-05  9.512639E-05 -1.544191E-03  9.226770E-02 -9.221873E-06
        21  20 -1.366054E+00  3.963095E-06  1.777420E-06 -1.553671E-03  8.983826E-02 -5.433653E-07
        21  21 -1.320323E+00 -1.026061E-04 -1.064165E-04 -1.563151E-03  9.227091E-02  2.197144E-06
        21  22  2.797094E-13 -4.991293E-14 -4.347927E-14  1.958054E-14  1.018785E-01 -9.221873E-06
        21  23  2.650814E-13 -5.321292E-14 -6.522234E-14  1.489710E-14  9.944909E-02 -5.433652E-07
        21  24  2.751296E-13 -3.469306E-14 -2.178806E-14  1.253387E-14  1.018817E-01  2.197144E-06
        21  25  1.411800E+00 -7.589396E-05 -9.512639E-05  1.544191E-03  9.226770E-02 -9.221873E-06
        21  26  1.366054E+00 -3.963095E-06 -1.777420E-06  1.553671E-03  8.983826E-02 -5.433652E-07
        21  27  1.320323E+00  1.026061E-04  1.064165E-04  1.563151E-03  9.227091E-02  2.197144E-06
        22   1 -1.293023E+00  1.197845E-04  1.191070E-04  1.555765E-03  9.226881E-02 -1.674533E-06
        22   2 -1.247285E+00  3.962898E-06  2.919909E-06  1.553432E-03  8.983741E-02 -9.650678E-07
        22   3 -1.201546E+00 -1.119127E-04 -1.132903E-04  1.551099E-03  9.226944E-02 -2.463532E-07
        22   4 -5.288088E-14 -1.958158E-14 -1.341570E-13 -1.973929E-14  1.018848E-01 -1.674533E-06
        22   5 -6.646648E-14 -2.172638E-14 -1.132618E-13 -1.952483E-14  9.945342E-02 -9.650678E-07
        22   6 -6.100301E-14 -5.694386E-15 -3.993143E-14 -1.681031E-14  1.018854E-01 -2.463531E-07
        22   7  1.293023E+00 -1.197845E-04 -1.191070E-04 -1.555765E-03  9.226881E-02 -1.674533E-06
        22   8  1.247285E+00 -3.962898E-06 -2.919909E-06 -1.553432E-03  8.983741E-02 -9.650678E-07
        22   9  1.201546E+00  1.119127E-04  1.132903E-04 -1.551099E-03  9.226944E-02 -2.463532E-07
        22  10 -1.293032E+00  1.159265E-04  1.152490E-04  1.062149E-13  8.581303E-02  1.224275E-14
        22  11 -1.247294E+00  1.048655E-07 -9.381241E-07  1.082895E-13  8.338092E-02 -8.044760E-15
        22  12 -1.201555E+00 -1.157707E-04 -1.171484E-04  1.088886E-13  8.581224E-02 -3.155778E-14
        22  13  1.021226E-13 -1.749194E-14 -4.291555E-14 -1.093727E-14  9.542904E-02 -1.229527E-14
        22  14  9.285669E-14 -1.867925E-14 -4.889754E-14 -1.361216E-14  9.299692E-02 -3.316156E-15
        22  15  8.847389E-14 -1.467563E-14 -3.193511E-14 -1.422610E-14  9.542825E-02 -1.571619E-14
        22  16  1.293032E+00 -1.159265E-04 -1.152490E-04 -9.827170E-14  8.581303E-02 -2.387324E-14
        22  17  1.247294E+00 -1.048655E-07  9.381240E-07 -9.628749E-14  8.338092E-02 -3.058150E-14
        22  18  1.201555E+00  1.157707E-04  1.171484E-04 -8.868171E-14  8.581224E-02 -3.520041E-14
        22  19 -1.293023E+00  1.197845E-04  1.191070E-04 -1.555765E-03  9.226881E-02  1.674533E-06
        22  20 -1.247285E+00  3.962898E-06  2.919909E-06 -1.553432E-03  8.983741E-02  9.650677E-07
        22  21 -1.201546E+00 -1.119127E-04 -1.132903E-04 -1.551099E-03  9.226944E-02  2.463531E-07
        22  22  2.259398E-13 -4.858104E-14 -3.075028E-14  4.416427E-15  1.018848E-01  1.674533E-06
        22  23  2.364018E-13 -2.891301E-14 -1.317317E-14 -6.297627E-16  9.945342E-02  9.650677E-07
        22  24  2.469088E-13 -1.173997E-14  7.048579E-15 -4.066934E-15  1.018854E-01  2.463531E-07
        22  25  1.293023E+00 -1.197845E-04 -1.191070E-04  1.555765E-03  9.226881E-02  1.674533E-06
        22  26  1.247285E+00 -3.962898E-06 -2.919909E-06  1.553432E-03  8.983741E-02  9.650678E-07
        22  27  1.201546E+00  1.119127E-04  1.132903E-04  1.551099E-03  9.226944E-02  2.463531E-07
        23   1 -1.174238E+00  1.161080E-04  1.148755E-04  1.550633E-03  9.227022E-02 -7.216969E-09
        23   2 -1.128499E+00  4.088546E-07 -1.720681E-07  1.550290E-03  8.983853E-02  4.122984E-08
        23   3 -1.082761E+00 -1.148506E-04 -1.150312E-04  1.549947E-03  9.227024E-02  1.429636E-08
        23   4 -7.258863E-14 -5.909148E-15 -1.785727E-14 -3.375015E-14  1.018854E-01 -7.216912E-09
        23   5 -5.273988E-14  6.106294E-15  1.731626E-14 -2.587990E-14  9.945375E-02  4.122991E-08
        23   6 -5.151048E-14 -4.388674E-15  9.378162E-15 -2.032814E-14  1.018855E-01  1.429637E-08
        23   7  1.174238E+00 -1.161080E-04 -1.148755E-04 -1.550633E-03  9.227022E-02 -7.216923E-09
        23   8  1.128499E+00 -4.088546E-07  1.720681E-07 -1.550290E-03  8.983853E-02  4.122988E-08
        23   9  1.082761E+00  1.148506E-04  1.150312E-04 -1.549947E-03  9.227024E-02  1.429637E-08
        23  10 -1.174238E+00  1.159939E-04  1.147615E-04  9.144619E-14  8.581204E-02 -4.648448E-14
        23  11 -1.128500E+00  2.947887E-07 -2.861342E-07  7.893093E-14  8.338033E-02 -5.428643E-14
        23  12 -1.082761E+00 -1.149646E-04 -1.151453E-04  6.371759E-14  8.581201E-02 -5.512105E-14
        23  13  7.817123E-14 -1.536312E-14 -3.238612E-14 -2.301868E-14  9.542725E-02 -1.175583E-14
        23  14  8.830343E-14  5.359691E-15 -3.613699E-16 -2.050682E-14  9.299555E-02 -1.271240E-14
        23  15  8.031229E-14  2.768224E-15 -1.492028E-14 -1.964155E-14  9.542723E-02 -1.653458E-14
        23  16  1.174238E+00 -1.159939E-04 -1.147615E-04 -7.379863E-14  8.581204E-02 -4.157249E-14
        23  17  1.128500E+00 -2.947887E-07  2.861341E-07 -6.050637E-14  8.338033E-02 -3.876283E-14
        23  18  1.082761E+00  1.149646E-04  1.151453E-04 -4.937747E-14  8.581201E-02 -4.710089E-14
        23  19 -1.174238E+00  1.161080E-04  1.148755E-04 -1.550633E-03  9.227022E-02  7.216873E-09
        23  20 -1.128499E+00  4.088546E-07 -1.720683E-07 -1.550290E-03  8.983853E-02 -4.122997E-08
        23  21 -1.082761E+00 -1.148506E-04 -1.150312E-04 -1.549947E-03  9.227024E-02 -1.429645E-08
        23  22  2.418817E-13 -4.815556E-15  7.084146E-15 -1.797662E-15  1.018854E-01  7.216906E-09
        23  23  2.271276E-13  8.192006E-15 -4.112437E-15 -4.688269E-15  9.945375E-02 -4.122990E-08
        23  24  2.053834E-13  1.492363E-14 -1.573126E-14 -7.305005E-15  1.018855E-01 -1.429639E-08
        23  25  1.174238E+00 -1.161080E-04 -1.148755E-04  1.550633E-03  9.227022E-02  7.216874E-09
        23  26  1.128499E+00 -4.088546E-07  1.720683E-07  1.550290E-03  8.983853E-02 -4.122994E-08
        23  27  1.082761E+00  1.148506E-04  1.150312E-04  1.549947E-03  9.227024E-02 -1.429646E-08
        24   1 -1.055449E+00  1.151644E-04  1.150814E-04  1.549936E-03  9.227012E-02 -1.918980E-09
        24   2 -1.009710E+00 -6.863727E-09 -2.403262E-08  1.549914E-03  8.983843E-02  8.370255E-09
        24   3 -9.639717E-01 -1.150916E-04 -1.150924E-04  1.549891E-03  9.227011E-02  3.820957E-09
        24   4  3.032801E-15  1.638087E-14  3.997647E-14 -1.639997E-14  1.018855E-01 -1.918907E-09
        24   5 -4.950013E-15  8.883010E-15  4.458187E-14 -2.039993E-14  9.945381E-02  8.370311E-09
        24   6 -5.722613E-15  2.108846E-15  4.996655E-14 -2.511423E-14  1.018855E-01  3.821009E-09
        24   7  1.055449E+00 -1.151644E-04 -1.150814E-04 -1.549936E-03  9.227012E-02 -1.918966E-09
        24   8  1.009710E+00  6.863786E-09  2.403278E-08 -1.549914E-03  8.983843E-02  8.370293E-09
        24   9  9.639717E-01  1.150916E-04  1.150924E-04 -1.549891E-03  9.227011E-02  3.820997E-09
        24  10 -1.055448E+00  1.152158E-04  1.151328E-04  5.051963E-14  8.581199E-02 -4.561302E-14
        24  11 -1.009710E+00  4.450965E-08  2.734062E-08  4.223839E-14  8.338030E-02 -3.578702E-14
        24  12 -9.639715E-01 -1.150402E-04 -1.150410E-04  3.457714E-14  8.581200E-02 -2.309857E-14
        24  13  5.852110E-14 -3.563042E-15 -1.481892E-14 -1.288032E-14  9.542737E-02 -1.447142E-15
        24  14  6.597922E-14  3.257846E-15  7.963983E-15 -1.116443E-14  9.299569E-02 -3.031939E-15
        24  15  6.451036E-14 -1.264126E-15  7.589748E-15 -1.045367E-14  9.542738E-02 -3.955099E-15
        24  16  1.055448E+00 -1.152158E-04 -1.151328E-04 -6.596717E-14  8.581199E-02 -4.296933E-14
        24  17  1.009710E+00 -4.450963E-08 -2.734059E-08 -6.049073E-14  8.338030E-02 -3.829013E-14
        24  18  9.639715E-01  1.150402E-04  1.150410E-04 -5.527604E-14  8.581200E-02 -2.761850E-14
        24  19 -1.055449E+00  1.151644E-04  1.150814E-04 -1.549936E-03  9.227012E-02  1.918879E-09
        24  20 -1.009710E+00 -6.863743E-09 -2.403290E-08 -1.549914E-03  8.983843E-02 -8.370350E-09
        24  21 -9.639717E-01 -1.150916E-04 -1.150924E-04 -1.549891E-03  9.227011E-02 -3.821023E-09
        24  22  2.028442E-13  2.012741E-14 -1.279739E-14 -6.181585E-15  1.018855E-01  1.918918E-09
        24  23  2.015898E-13  2.997122E-14  1.468222E-14  1.769594E-15  9.945381E-02 -8.370319E-09
        24  24  2.081699E-13  3.976051E-14  3.987101E-14  7.740704E-15  1.018855E-01 -3.821026E-09
        24  25  1.055449E+00 -1.151644E-04 -1.150814E-04  1.549936E-03  9.227012E-02  1.918868E-09
        24  26  1.009710E+00  6.863790E-09  2.403291E-08  1.549914E-03  8.983843E-02 -8.370365E-09
        24  27  9.639717E-01  1.150916E-04  1.150924E-04  1.549891E-03  9.227011E-02 -3.821044E-09
        25   1 -9.366590E-01  1.151076E-04  1.150975E-04  1.549890E-03  9.227011E-02 -4.336111E-09
        25   2 -8.909206E-01  2.450344E-08  2.680691E-08  1.549900E-03  8.983843E-02 -9.650564E-09
        25   3 -8.451821E-01 -1.151363E-04 -1.150772E-04  1.549909E-03  9.227012E-02 -1.657951E-09
        25   4  5.692167E-15  3.612515E-15  4.975091E-14 -3.651982E-14  1.018855E-01 -4.336011E-09
        25   5 -1.753869E-14  1.949282E-15  4.868625E-14 -3.200866E-14  9.945381E-02 -9.650501E-09
        25   6 -2.539774E-14  1.581180E-14  7.147677E-14 -2.765163E-14  1.018855E-01 -1.657831E-09
        25   7  9.366590E-01 -1.151076E-04 -1.150975E-04 -1.549890E-03  9.227011E-02 -4.336067E-09
        25   8  8.909206E-01 -2.450344E-08 -2.680681E-08 -1.549900E-03  8.983843E-02 -9.650546E-09
        25   9  8.451821E-01  1.151363E-04  1.150772E-04 -1.549909E-03  9.227012E-02 -1.657894E-09
        25  10 -9.366592E-01  1.150450E-04  1.150349E-04  2.707576E-14  8.581200E-02 -3.153016E-14
        25  11 -8.909207E-01 -3.813454E-08 -3.583121E-08  2.580563E-14  8.338030E-02 -4.166595E-14
        25  12 -8.451823E-01 -1.151989E-04 -1.151398E-04  2.260537E-14  8.581198E-02 -2.739159E-14
        25  13  6.133948E-14 -5.743850E-15 -3.243526E-15 -9.996229E-15  9.542738E-02 -1.189217E-15
        25  14  4.957977E-14 -5.817487E-15 -1.390861E-14 -7.556361E-15  9.299569E-02 -1.711999E-15
        25  15  4.920354E-14  6.257740E-15 -8.264383E-15 -3.101896E-15  9.542737E-02 -9.359728E-16
        25  16  9.366592E-01 -1.150450E-04 -1.150349E-04 -3.297072E-14  8.581200E-02 -3.148056E-14
        25  17  8.909207E-01  3.813451E-08  3.583117E-08 -3.194141E-14  8.338030E-02 -1.549737E-14
        25  18  8.451823E-01  1.151989E-04  1.151398E-04 -2.816559E-14  8.581198E-02 -1.120692E-14
        25  19 -9.366590E-01  1.151076E-04  1.150975E-04 -1.549890E-03  9.227011E-02  4.336056E-09
        25  20 -8.909206E-01  2.450343E-08  2.680668E-08 -1.549900E-03  8.983843E-02  9.650504E-09
        25  21 -8.451821E-01 -1.151363E-04 -1.150772E-04 -1.549909E-03  9.227012E-02  1.657907E-09
        25  22  1.251420E-13  2.833926E-15 -4.297690E-15  1.675321E-14  1.018855E-01  4.336028E-09
        25  23  1.177373E-13  1.428384E-15 -2.757449E-14  1.845211E-14  9.945381E-02  9.650508E-09
        25  24  1.283287E-13  2.034934E-14 -1.356234E-14  2.219214E-14  1.018855E-01  1.657883E-09
        25  25  9.366590E-01 -1.151076E-04 -1.150975E-04  1.549890E-03  9.227011E-02  4.336009E-09
        25  26  8.909206E-01 -2.450345E-08 -2.680673E-08  1.549900E-03  8.983843E-02  9.650469E-09
        25  27  8.451821E-01  1.151363E-04  1.150772E-04  1.549909E-03  9.227012E-02  1.657868E-09
        26   1 -8.178697E-01  1.149334E-04  1.150833E-04  1.549896E-03  9.227025E-02 -2.407936E-08
        26   2 -7.721312E-01 -3.332651E-07  2.370654E-07  1.550223E-03  8.983856E-02 -5.960646E-08
        26   3 -7.263928E-01 -1.161250E-04 -1.148342E-04  1.550549E-03  9.227025E-02 -5.115513E-09
        26   4  2.837414E-14  4.285427E-14  9.678834E-14 -8.059716E-15  1.018855E-01 -2.407928E-08
        26   5  7.699609E-15  2.526327E-14  5.969440E-14 -6.945936E-15  9.945377E-02 -5.960634E-08
        26   6 -1.096098E-14  1.155049E-14  3.255045E-14 -8.675444E-15  1.018855E-01 -5.115531E-09
        26   7  8.178697E-01 -1.149334E-04 -1.150833E-04 -1.549896E-03  9.227025E-02 -2.407926E-08
        26   8  7.721312E-01  3.332651E-07 -2.370653E-07 -1.550223E-03  8.983856E-02 -5.960638E-08
        26   9  7.263928E-01  1.161250E-04  1.148342E-04 -1.550549E-03  9.227025E-02 -5.115548E-09
        26  10 -8.178697E-01  1.149336E-04  1.150835E-04  2.145538E-14  8.581200E-02 -2.607328E-14
        26  11 -7.721312E-01 -3.330659E-07  2.372645E-07  2.050017E-14  8.338031E-02 -2.792265E-14
        26  12 -7.263928E-01 -1.161248E-04 -1.148340E-04  1.339922E-14  8.581200E-02 -2.165360E-14
        26  13  4.926887E-14  7.687231E-15 -1.421951E-14  4.612349E-15  9.542721E-02  4.216244E-15
        26  14  4.054625E-14  8.497234E-15  3.328921E-15  5.105663E-15  9.299552E-02  5.615918E-15
        26  15  2.399554E-14  1.714329E-15  2.376653E-15  3.175463E-15  9.542721E-02 -1.356342E-14
        26  16  8.178697E-01 -1.149336E-04 -1.150835E-04 -3.279654E-14  8.581200E-02 -1.041960E-14
        26  17  7.721312E-01  3.330659E-07 -2.372645E-07 -2.252039E-14  8.338031E-02 -2.387147E-15
        26  18  7.263928E-01  1.161248E-04  1.148340E-04 -1.416541E-14  8.581200E-02 -3.260241E-14
        26  19 -8.178697E-01  1.149334E-04  1.150833E-04 -1.549896E-03  9.227025E-02  2.407934E-08
        26  20 -7.721312E-01 -3.332651E-07  2.370652E-07 -1.550223E-03  8.983856E-02  5.960632E-08
        26  21 -7.263928E-01 -1.161250E-04 -1.148342E-04 -1.550549E-03  9.227025E-02  5.115482E-09
        26  22  1.251301E-13  2.415153E-14 -7.867069E-15  1.653294E-14  1.018855E-01  2.407934E-08
        26  23  8.713131E-14  7.915432E-15 -1.275342E-14  1.569404E-14  9.945377E-02  5.960636E-08
        26  24  5.724384E-14 -5.220647E-15 -1.623301E-14  1.304381E-14  1.018855E-01  5.115530E-09
        26  25  8.178697E-01 -1.149334E-04 -1.150833E-04  1.549896E-03  9.227025E-02  2.407930E-08
        26  26  7.721312E-01  3.332651E-07 -2.370652E-07  1.550223E-03  8.983856E-02  5.960636E-08
        26  27  7.263928E-01  1.161250E-04  1.148342E-04  1.550549E-03  9.227025E-02  5.115482E-09
        27   1 -6.990841E-01  1.118807E-04  1.133839E-04  1.550933E-03  9.226960E-02  1.985655E-07
        27   2 -6.533455E-01 -4.299126E-06 -2.673083E-06  1.553703E-03  8.983757E-02  8.779701E-07
        27   3 -6.076073E-01 -1.213108E-04 -1.190866E-04  1.556474E-03  9.226900E-02  1.699983E-06
        27   4  3.634007E-14  2.239974E-14  2.758305E-14 -6.925478E-15  1.018855E-01  1.985656E-07
        27   5  6.278465E-16 -8.021794E-15 -1.360231E-14 -4.419329E-15  9.945345E-02  8.779702E-07
        27   6 -5.004576E-15 -9.693331E-15  1.435664E-14  4.889107E-16  1.018849E-01  1.699984E-06
        27   7  6.990841E-01 -1.118807E-04 -1.133839E-04 -1.550933E-03  9.226960E-02  1.985655E-07
        27   8  6.533455E-01  4.299126E-06  2.673082E-06 -1.553703E-03  8.983757E-02  8.779701E-07
        27   9  6.076073E-01  1.213108E-04  1.190866E-04 -1.556474E-03  9.226900E-02  1.699983E-06
        27  10 -6.990756E-01  1.155552E-04  1.170584E-04  6.535821E-15  8.581219E-02 -2.139923E-14
        27  11 -6.533369E-01 -6.246176E-07  1.001426E-06  2.292154E-15  8.338083E-02 -4.504744E-15
        27  12 -6.075987E-01 -1.176363E-04 -1.154121E-04 -1.785677E-15  8.581294E-02 -1.906578E-14
        27  13  4.908373E-14  8.714746E-15  3.109390E-15 -3.197814E-16  9.542806E-02 -3.598431E-15
        27  14  4.304493E-14  4.475856E-15  1.449098E-15 -2.778616E-15  9.299671E-02 -9.784242E-15
        27  15  4.420886E-14  3.360503E-15  6.444226E-15 -2.909845E-15  9.542881E-02 -3.959288E-15
        27  16  6.990756E-01 -1.155552E-04 -1.170584E-04 -2.541875E-15  8.581219E-02 -4.398727E-14
        27  17  6.533369E-01  6.246176E-07 -1.001426E-06  7.724728E-17  8.338083E-02 -3.811410E-14
        27  18  6.075987E-01  1.176363E-04  1.154121E-04  8.411091E-15  8.581294E-02 -2.664657E-14
        27  19 -6.990841E-01  1.118807E-04  1.133839E-04 -1.550933E-03  9.226960E-02 -1.985656E-07
        27  20 -6.533455E-01 -4.299126E-06 -2.673083E-06 -1.553703E-03  8.983757E-02 -8.779702E-07
        27  21 -6.076073E-01 -1.213108E-04 -1.190866E-04 -1.556474E-03  9.226900E-02 -1.699984E-06
        27  22  3.813043E-14 -1.282933E-14 -2.371601E-14  1.095530E-14  1.018855E-01 -1.985656E-07
        27  23  4.468715E-14 -5.192694E-15 -1.661197E-14  4.073393E-15  9.945345E-02 -8.779702E-07
        27  24  4.453501E-14 -6.779145E-15 -2.976281E-14  2.655803E-16  1.018849E-01 -1.699983E-06
        27  25  6.990841E-01 -1.118807E-04 -1.133839E-04  1.550933E-03  9.226960E-02 -1.985656E-07
        27  26  6.533455E-01  4.299126E-06  2.673083E-06  1.553703E-03  8.983757E-02 -8.779702E-07
        27  27  6.076073E-01  1.213108E-04  1.190866E-04  1.556474E-03  9.226900E-02 -1.699984E-06
        28   1 -5.803128E-01  9.825149E-05  1.044121E-04  1.564482E-03  9.227111E-02  2.382935E-06
        28   2 -5.345813E-01 -9.925378E-06 -3.251060E-06  1.558908E-03  8.983805E-02  1.831808E-07
        28   3 -4.888358E-01 -8.527420E-05 -9.684505E-05  1.553334E-03  9.226716E-02 -7.644239E-06
        28   4 -3.060490E-14 -1.686251E-14  1.920064E-14 -1.079381E-14  1.018813E-01  2.382935E-06
        28   5 -2.029386E-14 -4.297004E-15  3.389019E-14 -7.566503E-15  9.944826E-02  1.831808E-07
        28   6 -1.228378E-14 -1.106314E-16  2.794377E-14 -6.419578E-15  1.018774E-01 -7.644239E-06
        28   7  5.803128E-01 -9.825149E-05 -1.044121E-04 -1.564482E-03  9.227111E-02  2.382935E-06
        28   8  5.345813E-01  9.925378E-06  3.251060E-06 -1.558908E-03  8.983805E-02  1.831808E-07
        28   9  4.888358E-01  8.527420E-05  9.684505E-05 -1.553334E-03  9.226716E-02 -7.644239E-06
        28  10 -5.802565E-01  1.223992E-04  1.285598E-04 -3.322319E-15  8.581532E-02 -2.580474E-14
        28  11 -5.345250E-01  1.422229E-05  2.089661E-05 -9.976973E-15  8.338670E-02  1.703324E-15
        28  12 -4.887794E-01 -6.112652E-05 -7.269738E-05 -1.655785E-14  8.582026E-02  1.553779E-15
        28  13  2.376869E-15 -1.488701E-14 -1.513717E-14 -3.278313E-15  9.542553E-02 -1.179568E-14
        28  14  1.562253E-14  4.708370E-15  1.890641E-14  8.712721E-16  9.299691E-02 -7.099202E-15
        28  15  1.848953E-14  4.009323E-15  7.018416E-16  4.882880E-15  9.543047E-02 -9.235157E-15
        28  16  5.802565E-01 -1.223992E-04 -1.285598E-04  6.243207E-15  8.581532E-02 -1.421029E-14
        28  17  5.345250E-01 -1.422229E-05 -2.089661E-05  7.126907E-15  8.338670E-02 -1.204517E-17
        28  18  4.887794E-01  6.112652E-05  7.269738E-05  6.981801E-15  8.582026E-02 -4.052926E-15
        28  19 -5.803128E-01  9.825149E-05  1.044121E-04 -1.564482E-03  9.227111E-02 -2.382935E-06
        28  20 -5.345813E-01 -9.925378E-06 -3.251060E-06 -1.558908E-03  8.983805E-02 -1.831808E-07
        28  21 -4.888358E-01 -8.527420E-05 -9.684505E-05 -1.553334E-03  9.226716E-02  7.644239E-06
        28  22  6.284672E-14  3.063735E-15 -2.362883E-14  4.379646E-15  1.018813E-01 -2.382935E-06
        28  23  7.109254E-14  2.066206E-14  7.604167E-15  1.006764E-14  9.944826E-02 -1.831808E-07
        28  24  6.152289E-14  2.202698E-14  7.544084E-15  1.612979E-14  1.018774E-01  7.644239E-06
        28  25  5.803128E-01 -9.825149E-05 -1.044121E-04  1.564482E-03  9.227111E-02 -2.382935E-06
        28  26  5.345813E-01  9.925378E-06  3.251060E-06  1.558908E-03  8.983805E-02 -1.831808E-07
        28  27  4.888358E-01  8.527420E-05  9.684505E-05  1.553334E-03  9.226716E-02  7.644239E-06
        29   1 -4.614779E-01  1.803395E-04  1.122418E-04  1.538288E-03  9.217604E-02  8.530017E-06
        29   2 -4.157678E-01  1.239710E-04 -1.568596E-04  1.449616E-03  8.974520E-02  6.092288E-05
        29   3 -3.700010E-01  1.999931E-04 -3.692222E-04  1.360944E-03  9.217776E-02  9.062021E-05
        29   4 -1.695266E-14 -3.251078E-15  1.314958E-14 -3.751112E-15  1.019051E-01  8.530017E-06
        29   5 -3.320549E-14 -8.426736E-15 -1.213391E-14 -1.342672E-15  9.947423E-02  6.092288E-05
        29   6 -5.432748E-14 -1.187387E-14 -2.928788E-14  2.286441E-15  1.019068E-01  9.062021E-05
        29   7  4.614779E-01 -1.803395E-04 -1.122418E-04 -1.538288E-03  9.217604E-02  8.530017E-06
        29   8  4.157678E-01 -1.239710E-04  1.568596E-04 -1.449616E-03  8.974520E-02  6.092288E-05
        29   9  3.700010E-01 -1.999931E-04  3.692222E-04 -1.360944E-03  9.217776E-02  9.062021E-05
        29  10 -4.615024E-01  1.698178E-04  1.017202E-04 -1.545467E-14  8.581595E-02 -1.271676E-15
        29  11 -4.157924E-01  1.134494E-04 -1.673812E-04 -1.492024E-14  8.338318E-02  1.457060E-14
        29  12 -3.700256E-01  1.894714E-04 -3.797438E-04 -1.348860E-14  8.581380E-02  1.098349E-14
        29  13 -4.333642E-15 -2.814317E-15 -2.144388E-15  8.163899E-15  9.554498E-02 -2.213428E-14
        29  14 -3.202568E-15 -1.269772E-15  8.131313E-17  7.557854E-15  9.311221E-02 -8.986106E-15
        29  15 -1.348277E-14 -2.862660E-15  6.105556E-16  8.317025E-15  9.554283E-02 -5.934338E-15
        29  16  4.615024E-01 -1.698178E-04 -1.017202E-04 -2.497679E-15  8.581595E-02 -9.649688E-15
        29  17  4.157924E-01 -1.134494E-04  1.673812E-04 -3.481243E-15  8.338318E-02 -2.561998E-14
        29  18  3.700256E-01 -1.894714E-04  3.797438E-04 -3.719831E-15  8.581380E-02 -1.895833E-14
        29  19 -4.614779E-01  1.803395E-04  1.122418E-04 -1.538288E-03  9.217604E-02 -8.530017E-06
        29  20 -4.157678E-01  1.239710E-04 -1.568596E-04 -1.449616E-03  8.974520E-02 -6.092288E-05
        29  21 -3.700010E-01  1.999931E-04 -3.692222E-04 -1.360944E-03  9.217776E-02 -9.062021E-05
        29  22  1.292699E-15 -2.821714E-15 -1.184283E-14  1.342503E-14  1.019051E-01 -8.530017E-06
        29  23  7.510752E-15 -1.904544E-15  5.595155E-15  1.171877E-14  9.947423E-02 -6.092288E-05
        29  24  1.018784E-14 -3.388820E-15  1.600304E-14  1.079109E-14  1.019068E-01 -9.062021E-05
        29  25  4.614779E-01 -1.803395E-04 -1.122418E-04  1.538288E-03  9.217604E-02 -8.530017E-06
        29  26  4.157678E-01 -1.239710E-04  1.568596E-04  1.449616E-03  8.974520E-02 -6.092288E-05
        29  27  3.700010E-01 -1.999931E-04  3.692222E-04  1.360944E-03  9.217776E-02 -9.062021E-05
        30   1 -3.412003E-01  1.193465E-03  7.941445E-04  1.393375E-03  9.293713E-02 -9.203693E-05
        30   2 -2.955946E-01  1.539539E-03  1.826603E-03  1.378008E-04  9.065284E-02 -8.051865E-04
        30   3 -2.497162E-01  2.521837E-03  3.131729E-03 -1.117773E-03  9.316659E-02 -1.627403E-03
        30   4 -1.087854E-14  9.462383E-15 -1.252048E-14 -6.156767E-15  1.018217E-01 -9.203693E-05
        30   5  3.801099E-16  1.593805E-14 -7.555937E-15 -5.906972E-15  9.953742E-02 -8.051865E-04
        30   6  1.406612E-14  2.625319E-14  1.351881E-14 -8.990611E-15  1.020512E-01 -1.627403E-03
        30   7  3.412003E-01 -1.193465E-03 -7.941445E-04 -1.393375E-03  9.293713E-02 -9.203693E-05
        30   8  2.955946E-01 -1.539539E-03 -1.826603E-03 -1.378008E-04  9.065284E-02 -8.051865E-04
        30   9  2.497162E-01 -2.521837E-03 -3.131729E-03  1.117773E-03  9.316659E-02 -1.627403E-03
        30  10 -3.444733E-01 -2.092528E-04 -6.085733E-04 -7.864821E-15  8.567636E-02  1.330013E-14
        30  11 -2.988676E-01  1.368212E-04  4.238852E-04 -7.208765E-15  8.313392E-02  1.698186E-14
        30  12 -2.529892E-01  1.119119E-03  1.729011E-03 -4.234641E-15  8.538954E-02  1.765337E-14
        30  13  2.248882E-15  4.152764E-15  3.343509E-15 -1.955053E-15  9.456094E-02 -2.080451E-15
        30  14  1.689418E-14  1.278382E-14  1.032642E-14 -3.259302E-15  9.201851E-02  1.130991E-14
        30  15  2.116724E-14  1.413411E-14  8.989515E-15 -5.942678E-15  9.427412E-02  1.599038E-14
        30  16  3.444733E-01  2.092528E-04  6.085733E-04 -2.758758E-15  8.567636E-02 -9.702930E-15
        30  17  2.988676E-01 -1.368212E-04 -4.238852E-04  7.536047E-16  8.313392E-02 -8.279811E-16
        30  18  2.529892E-01 -1.119119E-03 -1.729011E-03 -4.552585E-18  8.538954E-02 -7.063981E-16
        30  19 -3.412003E-01  1.193465E-03  7.941445E-04 -1.393375E-03  9.293713E-02  9.203693E-05
        30  20 -2.955946E-01  1.539539E-03  1.826603E-03 -1.378008E-04  9.065284E-02  8.051865E-04
        30  21 -2.497162E-01  2.521837E-03  3.131729E-03  1.117773E-03  9.316659E-02  1.627403E-03
        30  22  3.178288E-14  5.380977E-15  2.466780E-14  4.288677E-15  1.018217E-01  9.203693E-05
        30  23  2.918260E-14  4.330705E-15  1.467879E-14  6.536013E-16  9.953742E-02  8.051865E-04
        30  24  1.699071E-14 -5.141502E-16  7.344306E-15 -2.433018E-15  1.020512E-01  1.627403E-03
        30  25  3.412003E-01 -1.193465E-03 -7.941445E-04  1.393375E-03  9.293713E-02  9.203693E-05
        30  26  2.955946E-01 -1.539539E-03 -1.826603E-03  1.378008E-04  9.065284E-02  8.051865E-04
        30  27  2.497162E-01 -2.521837E-03 -3.131729E-03 -1.117773E-03  9.316659E-02  1.627403E-03
        31   1 -2.179464E-01  6.129946E-03  2.958320E-03 -5.843376E-03  8.690109E-02 -6.576328E-04
        31   2 -1.686284E-01  2.304608E-03 -7.709550E-03  2.029994E-04  8.464702E-02  5.439828E-03
        31   3 -1.265616E-01 -1.844003E-02 -2.562855E-02  6.249374E-03  8.809066E-02  1.443774E-02
        31   4  1.103234E-14  2.428261E-14  1.486353E-14 -3.604893E-15  1.038409E-01 -6.576328E-04
        31   5  2.312114E-14  2.229635E-14  9.711954E-15 -3.429482E-15  1.015868E-01  5.439828E-03
        31   6  3.510438E-14  2.045146E-14  6.438828E-15 -5.774905E-15  1.050305E-01  1.443774E-02
        31   7  2.179464E-01 -6.129946E-03 -2.958320E-03  5.843376E-03  8.690109E-02 -6.576328E-04
        31   8  1.686284E-01 -2.304608E-03  7.709550E-03 -2.029994E-04  8.464702E-02  5.439828E-03
        31   9  1.265616E-01  1.844003E-02  2.562855E-02 -6.249374E-03  8.809066E-02  1.443774E-02
        31  10 -2.349147E-01 -1.142201E-03 -4.313827E-03 -1.272674E-14  8.561604E-02  9.696283E-15
        31  11 -1.855968E-01 -4.967539E-03 -1.498170E-02  1.182852E-15  8.202370E-02  1.758832E-14
        31  12 -1.435300E-01 -2.571218E-02 -3.290070E-02  8.141847E-15  8.412907E-02  8.108782E-15
        31  13  1.404878E-14  9.428442E-15  4.197136E-15 -2.838301E-15  1.025558E-01  3.276699E-15
        31  14  1.536782E-14  6.941856E-15  6.337150E-15 -5.764049E-15  9.896349E-02  1.752650E-14
        31  15  1.303018E-14  5.067547E-16  2.367275E-16 -1.169767E-14  1.010689E-01  1.371510E-14
        31  16  2.349147E-01  1.142201E-03  4.313827E-03  7.063143E-15  8.561604E-02  3.796774E-15
        31  17  1.855968E-01  4.967539E-03  1.498170E-02  4.883128E-15  8.202370E-02  1.153762E-14
        31  18  1.435300E-01  2.571218E-02  3.290070E-02  4.670448E-15  8.412907E-02 -9.645323E-15
        31  19 -2.179464E-01  6.129946E-03  2.958320E-03  5.843376E-03  8.690109E-02  6.576328E-04
        31  20 -1.686284E-01  2.304608E-03 -7.709550E-03 -2.029994E-04  8.464702E-02 -5.439828E-03
        31  21 -1.265616E-01 -1.844003E-02 -2.562855E-02 -6.249374E-03  8.809066E-02 -1.443774E-02
        31  22  5.493606E-15 -7.705847E-15 -2.442441E-15 -2.071267E-15  1.038409E-01  6.576328E-04
        31  23 -1.557950E-14 -2.175715E-14 -1.831607E-14 -8.544208E-15  1.015868E-01 -5.439828E-03
        31  24 -4.340745E-14 -3.355399E-14 -1.864151E-14 -1.659218E-14  1.050305E-01 -1.443774E-02
        31  25  2.179464E-01 -6.129946E-03 -2.958320E-03 -5.843376E-03  8.690109E-02  6.576328E-04
        31  26  1.686284E-01 -2.304608E-03  7.709550E-03  2.029994E-04  8.464702E-02 -5.439828E-03
        31  27  1.265616E-01  1.844003E-02  2.562855E-02  6.249374E-03  8.809066E-02 -1.443774E-02
        32   1 -1.048793E-01 -3.315308E-02  6.362834E-03  3.382219E-02  1.797545E-01 -4.538113E-03
        32   2 -6.105205E-02 -4.390173E-02  1.433552E-01  2.788172E-02  1.794017E-01 -8.172621E-02
        32   3 -1.293517E-02 -4.464114E-02  2.846372E-01  2.194124E-02  1.796810E-01 -1.606302E-01
        32   4 -3.306345E-14 -1.498234E-14 -2.882177E-14 -7.753648E-16  9.123051E-02 -4.538113E-03
        32   5 -5.261287E-18 -3.638229E-15  3.620691E-15  7.935244E-16  9.087771E-02 -8.172621E-02
        32   6  6.053165E-14  3.499326E-14  8.851306E-14 -1.388955E-15  9.115704E-02 -1.606302E-01
        32   7  1.048793E-01  3.315308E-02 -6.362834E-03 -3.382219E-02  1.797545E-01 -4.538113E-03
        32   8  6.105205E-02  4.390173E-02 -1.433552E-01 -2.788172E-02  1.794017E-01 -8.172621E-02
        32   9  1.293517E-02  4.464114E-02 -2.846372E-01 -2.194124E-02  1.796810E-01 -1.606302E-01
        32  10 -1.038313E-01 -3.270395E-02  6.811966E-03  4.429142E-15  7.248027E-02  4.041545E-16
        32  11 -6.000408E-02 -4.345260E-02  1.438043E-01  1.329178E-14  7.221012E-02  1.840467E-15
        32  12 -1.188720E-02 -4.419200E-02  2.850863E-01  1.464457E-14  7.257211E-02 -2.137689E-14
        32  13  1.496651E-14 -1.974409E-16  2.651950E-15 -1.033992E-14 -1.604369E-02  6.081987E-15
        32  14  1.061272E-14 -1.736093E-15  3.908126E-15 -8.402452E-15 -1.631385E-02  5.440076E-15
        32  15  2.172455E-14  1.034903E-14  2.411904E-14 -1.099503E-14 -1.595186E-02  4.466442E-15
        32  16  1.038313E-01  3.270395E-02 -6.811966E-03  4.154869E-15  7.248027E-02 -5.527666E-15
        32  17  6.000408E-02  4.345260E-02 -1.438043E-01  6.437753E-15  7.221012E-02  1.852608E-14
        32  18  1.188720E-02  4.419200E-02 -2.850863E-01  5.581408E-15  7.257211E-02  3.603600E-14
        32  19 -1.048793E-01 -3.315308E-02  6.362834E-03 -3.382219E-02  1.797545E-01  4.538113E-03
        32  20 -6.105205E-02 -4.390173E-02  1.433552E-01 -2.788172E-02  1.794017E-01  8.172621E-02
        32  21 -1.293517E-02 -4.464114E-02  2.846372E-01 -2.194124E-02  1.796810E-01  1.606302E-01
        32  22  4.138158E-14  2.282257E-15  1.470004E-14 -1.222155E-14  9.123051E-02  4.538113E-03
        32  23 -3.846316E-15 -1.123241E-14 -8.703724E-15 -1.169965E-14  9.087771E-02  8.172621E-02
        32  24 -1.941024E-14  8.890162E-16  1.267602E-14 -1.350432E-14  9.115704E-02  1.606302E-01
        32  25  1.048793E-01  3.315308E-02 -6.362834E-03  3.382219E-02  1.797545E-01  4.538113E-03
        32  26  6.105205E-02  4.390173E-02 -1.433552E-01  2.788172E-02  1.794017E-01  8.172621E-02
        32  27  1.293517E-02  4.464114E-02 -2.846372E-01  2.194124E-02  1.796810E-01  1.606302E-01
