bucket,planned_start_day,planned_finish_day,imported_share,budget_usd
charging_microgrid,1001,1005,0.4,203731.34
charging_microgrid,1006,1015,0.4,407462.68
charging_microgrid,101,105,0.4,101865.67
charging_microgrid,1016,1020,0.4,203731.34
charging_microgrid,1021,1030,0.4,407462.68
charging_microgrid,1031,1035,0.4,203731.34
charging_microgrid,1036,1045,0.4,407462.68
charging_microgrid,1046,1050,0.4,203731.34
charging_microgrid,1051,1060,0.4,407462.68
charging_microgrid,106,115,0.4,203731.34
charging_microgrid,1061,1065,0.4,203732.00
charging_microgrid,108,112,0.4,101865.67
charging_microgrid,113,122,0.4,203731.34
charging_microgrid,116,120,0.4,101865.67
charging_microgrid,121,130,0.4,203731.34
charging_microgrid,123,127,0.4,101865.67
charging_microgrid,128,137,0.4,203731.34
charging_microgrid,131,135,0.4,101865.67
charging_microgrid,136,145,0.4,203731.34
charging_microgrid,138,142,0.4,101865.67
charging_microgrid,143,152,0.4,203731.34
charging_microgrid,146,150,0.4,101865.67
charging_microgrid,151,160,0.4,203731.34
charging_microgrid,153,157,0.4,101865.67
charging_microgrid,158,167,0.4,203731.34
charging_microgrid,161,165,0.4,101865.67
charging_microgrid,166,175,0.4,203731.34
charging_microgrid,168,172,0.4,101865.67
charging_microgrid,173,182,0.4,203731.34
charging_microgrid,176,180,0.4,101865.67
charging_microgrid,181,190,0.4,203731.34
charging_microgrid,183,187,0.4,101865.67
charging_microgrid,188,197,0.4,203731.34
charging_microgrid,191,195,0.4,101865.67
charging_microgrid,196,205,0.4,203731.34
charging_microgrid,198,202,0.4,101865.67
charging_microgrid,203,212,0.4,203731.34
charging_microgrid,206,210,0.4,101865.67
charging_microgrid,211,220,0.4,203731.34
charging_microgrid,213,217,0.4,101865.67
charging_microgrid,218,227,0.4,203731.34
charging_microgrid,221,225,0.4,101865.67
charging_microgrid,226,235,0.4,203731.34
charging_microgrid,228,232,0.4,101865.67
charging_microgrid,233,242,0.4,203731.34
charging_microgrid,236,240,0.4,101865.67
charging_microgrid,241,250,0.4,203731.34
charging_microgrid,243,247,0.4,101865.67
charging_microgrid,248,257,0.4,203731.34
charging_microgrid,251,255,0.4,101865.67
charging_microgrid,256,265,0.4,203731.34
charging_microgrid,258,262,0.4,101865.67
charging_microgrid,263,272,0.4,203731.34
charging_microgrid,266,270,0.4,101865.67
charging_microgrid,271,280,0.4,203731.34
charging_microgrid,273,277,0.4,101865.67
charging_microgrid,278,287,0.4,203731.34
charging_microgrid,281,285,0.4,101865.67
charging_microgrid,286,295,0.4,203731.34
charging_microgrid,288,292,0.4,101865.67
charging_microgrid,293,302,0.4,203731.34
charging_microgrid,296,300,0.4,101865.67
charging_microgrid,301,310,0.4,203731.34
charging_microgrid,303,307,0.4,101865.67
charging_microgrid,308,317,0.4,203731.34
charging_microgrid,311,315,0.4,101865.67
charging_microgrid,316,325,0.4,203731.34
charging_microgrid,318,322,0.4,101865.67
charging_microgrid,323,332,0.4,203731.34
charging_microgrid,326,330,0.4,101865.67
charging_microgrid,331,340,0.4,203731.34
charging_microgrid,333,337,0.4,101865.67
charging_microgrid,338,347,0.4,203731.34
charging_microgrid,341,345,0.4,101865.67
charging_microgrid,346,355,0.4,203731.34
charging_microgrid,348,352,0.4,101865.67
charging_microgrid,353,362,0.4,203731.34
charging_microgrid,356,360,0.4,101865.67
charging_microgrid,361,370,0.4,203731.34
charging_microgrid,363,367,0.4,101865.67
charging_microgrid,368,377,0.4,203731.34
charging_microgrid,371,375,0.4,101865.67
charging_microgrid,376,385,0.4,203731.34
charging_microgrid,378,382,0.4,101865.67
charging_microgrid,383,392,0.4,203731.34
charging_microgrid,386,390,0.4,101865.67
charging_microgrid,391,400,0.4,203731.34
charging_microgrid,393,397,0.4,101865.67
charging_microgrid,398,407,0.4,203731.34
charging_microgrid,401,405,0.4,101865.67
charging_microgrid,406,415,0.4,203731.34
charging_microgrid,408,412,0.4,101865.67
charging_microgrid,413,422,0.4,203731.34
charging_microgrid,416,420,0.4,101865.67
charging_microgrid,421,430,0.4,203731.34
charging_microgrid,423,427,0.4,101865.67
charging_microgrid,428,437,0.4,203731.34
charging_microgrid,431,435,0.4,101865.67
charging_microgrid,436,445,0.4,203731.34
charging_microgrid,438,442,0.4,101865.67
charging_microgrid,443,452,0.4,203731.34
charging_microgrid,446,450,0.4,101865.67
charging_microgrid,451,460,0.4,203731.34
charging_microgrid,453,457,0.4,101865.67
charging_microgrid,458,467,0.4,203731.34
charging_microgrid,461,465,0.4,101865.67
charging_microgrid,466,475,0.4,203731.34
charging_microgrid,468,472,0.4,101865.67
charging_microgrid,473,482,0.4,203731.34
charging_microgrid,476,480,0.4,101865.67
charging_microgrid,481,490,0.4,203731.34
charging_microgrid,483,487,0.4,101865.67
charging_microgrid,488,497,0.4,203731.34
charging_microgrid,491,495,0.4,101865.67
charging_microgrid,496,505,0.4,203731.34
charging_microgrid,498,502,0.4,101865.67
charging_microgrid,503,512,0.4,203731.34
charging_microgrid,506,510,0.4,101865.67
charging_microgrid,511,520,0.4,203731.34
charging_microgrid,513,517,0.4,101865.67
charging_microgrid,518,527,0.4,203731.34
charging_microgrid,521,525,0.4,101865.67
charging_microgrid,526,535,0.4,203731.34
charging_microgrid,528,532,0.4,101865.67
charging_microgrid,53,62,0.4,203731.34
charging_microgrid,533,542,0.4,203731.34
charging_microgrid,536,540,0.4,101865.67
charging_microgrid,541,550,0.4,203731.34
charging_microgrid,543,547,0.4,101865.67
charging_microgrid,548,557,0.4,203731.34
charging_microgrid,551,555,0.4,101865.67
charging_microgrid,556,565,0.4,203731.34
charging_microgrid,558,562,0.4,101865.67
charging_microgrid,563,572,0.4,203731.34
charging_microgrid,566,570,0.4,101865.67
charging_microgrid,571,580,0.4,203731.34
charging_microgrid,573,577,0.4,101865.67
charging_microgrid,578,587,0.4,203731.34
charging_microgrid,581,585,0.4,101865.67
charging_microgrid,586,595,0.4,203731.34
charging_microgrid,588,592,0.4,101865.67
charging_microgrid,593,602,0.4,203731.34
charging_microgrid,596,600,0.4,101865.67
charging_microgrid,601,610,0.4,203731.34
charging_microgrid,603,607,0.4,101865.67
charging_microgrid,608,617,0.4,203731.34
charging_microgrid,61,70,0.4,203731.34
charging_microgrid,611,615,0.4,101865.67
charging_microgrid,616,625,0.4,203731.34
charging_microgrid,618,622,0.4,101865.67
charging_microgrid,623,632,0.4,203731.34
charging_microgrid,626,630,0.4,101865.67
charging_microgrid,63,67,0.4,101865.67
charging_microgrid,631,640,0.4,203731.34
charging_microgrid,633,637,0.4,101865.67
charging_microgrid,638,647,0.4,203731.34
charging_microgrid,641,645,0.4,101865.67
charging_microgrid,646,655,0.4,203731.34
charging_microgrid,648,652,0.4,101865.67
charging_microgrid,653,662,0.4,203731.34
charging_microgrid,656,660,0.4,101865.67
charging_microgrid,661,670,0.4,203731.34
charging_microgrid,663,667,0.4,101865.67
charging_microgrid,668,677,0.4,203731.34
charging_microgrid,671,675,0.4,101865.67
charging_microgrid,676,685,0.4,203731.34
charging_microgrid,678,682,0.4,101865.67
charging_microgrid,68,77,0.4,203731.34
charging_microgrid,683,692,0.4,203731.34
charging_microgrid,686,690,0.4,101865.67
charging_microgrid,691,700,0.4,203731.34
charging_microgrid,693,697,0.4,101865.67
charging_microgrid,698,707,0.4,203731.34
charging_microgrid,701,705,0.4,101865.67
charging_microgrid,706,715,0.4,203731.34
charging_microgrid,708,712,0.4,101865.67
charging_microgrid,71,75,0.4,101865.67
charging_microgrid,713,722,0.4,203731.34
charging_microgrid,716,720,0.4,101865.67
charging_microgrid,721,730,0.4,203731.34
charging_microgrid,723,727,0.4,101865.67
charging_microgrid,728,737,0.4,203731.34
charging_microgrid,731,735,0.4,101865.67
charging_microgrid,736,745,0.4,203731.34
charging_microgrid,738,742,0.4,101865.67
charging_microgrid,743,752,0.4,203731.34
charging_microgrid,746,750,0.4,101865.67
charging_microgrid,751,760,0.4,203731.34
charging_microgrid,753,757,0.4,101865.67
charging_microgrid,758,767,0.4,203731.34
charging_microgrid,76,85,0.4,203731.34
charging_microgrid,761,765,0.4,101865.67
charging_microgrid,766,775,0.4,203731.34
charging_microgrid,768,772,0.4,101865.67
charging_microgrid,773,782,0.4,203731.34
charging_microgrid,776,780,0.4,101865.67
charging_microgrid,78,82,0.4,101865.67
charging_microgrid,781,790,0.4,203731.34
charging_microgrid,783,787,0.4,101865.67
charging_microgrid,788,797,0.4,203731.34
charging_microgrid,791,795,0.4,101865.67
charging_microgrid,796,805,0.4,203731.34
charging_microgrid,798,802,0.4,101865.67
charging_microgrid,803,812,0.4,203731.34
charging_microgrid,806,810,0.4,101865.67
charging_microgrid,811,820,0.4,203731.34
charging_microgrid,813,817,0.4,101865.67
charging_microgrid,818,827,0.4,203731.34
charging_microgrid,821,825,0.4,101865.67
charging_microgrid,826,835,0.4,203731.34
charging_microgrid,828,832,0.4,101865.67
charging_microgrid,83,92,0.4,203731.34
charging_microgrid,833,842,0.4,203731.34
charging_microgrid,836,840,0.4,101865.67
charging_microgrid,841,850,0.4,203731.34
charging_microgrid,843,847,0.4,101865.67
charging_microgrid,848,857,0.4,203731.34
charging_microgrid,851,855,0.4,101865.67
charging_microgrid,856,865,0.4,203731.34
charging_microgrid,858,862,0.4,101865.67
charging_microgrid,86,90,0.4,101865.67
charging_microgrid,863,872,0.4,203731.34
charging_microgrid,866,870,0.4,101865.67
charging_microgrid,871,880,0.4,203731.34
charging_microgrid,873,877,0.4,101865.67
charging_microgrid,878,887,0.4,203731.34
charging_microgrid,881,885,0.4,101865.67
charging_microgrid,886,895,0.4,203731.34
charging_microgrid,888,892,0.4,101865.67
charging_microgrid,893,902,0.4,203731.34
charging_microgrid,896,900,0.4,101865.67
charging_microgrid,901,910,0.4,203731.34
charging_microgrid,903,907,0.4,101865.67
charging_microgrid,908,917,0.4,203731.34
charging_microgrid,91,100,0.4,203731.34
charging_microgrid,911,915,0.4,101865.67
charging_microgrid,916,925,0.4,203731.34
charging_microgrid,918,922,0.4,101865.67
charging_microgrid,923,932,0.4,203731.34
charging_microgrid,926,930,0.4,101865.67
charging_microgrid,93,97,0.4,101865.67
charging_microgrid,931,940,0.4,203731.34
charging_microgrid,933,937,0.4,101865.67
charging_microgrid,938,947,0.4,203731.34
charging_microgrid,941,945,0.4,101865.67
charging_microgrid,946,955,0.4,203731.34
charging_microgrid,948,952,0.4,101865.67
charging_microgrid,953,962,0.4,203731.34
charging_microgrid,956,960,0.4,101865.67
charging_microgrid,961,970,0.4,203731.34
charging_microgrid,963,967,0.4,101865.67
charging_microgrid,971,975,0.4,101865.67
charging_microgrid,976,985,0.4,407462.68
charging_microgrid,98,107,0.4,203731.34
charging_microgrid,986,990,0.4,203731.34
charging_microgrid,991,1000,0.4,407462.68
civil,1000,1012,0.15,10118057.62
civil,1000,1014,0.15,11674681.87
civil,1004,1004,0.15,778312.12
civil,1005,1014,0.15,7783121.25
civil,101,103,0.15,2334936.37
civil,1013,1025,0.15,10118057.62
civil,1015,1029,0.15,11674681.87
civil,1025,1027,0.15,2334936.37
civil,103,113,0.15,8561433.37
civil,1036,1048,0.15,10118057.62
civil,1037,1037,0.15,778312.12
civil,1038,1040,0.15,2334936.37
civil,1041,1041,0.15,778312.12
civil,1046,1048,0.15,2334936.37
civil,1046,1049,0.15,3113248.5
civil,1049,1061,0.15,10118057.62
civil,105,115,0.15,8561433.37
civil,1050,1053,0.15,3113248.72
civil,114,115,0.15,1556624.25
civil,116,117,0.15,1556624.25
civil,116,124,0.15,7004809.12
civil,125,125,0.15,778312.12
civil,126,129,0.15,3113248.5
civil,130,131,0.15,1556624.25
civil,144,145,0.15,1556624.25
civil,144,151,0.15,6226497.0
civil,15,17,0.15,2334936.37
civil,150,158,0.15,7004809.12
civil,152,158,0.15,5448184.87
civil,159,159,0.15,1556624.24
civil,167,171,0.15,3891560.62
civil,168,170,0.15,2334936.37
civil,171,173,0.15,2334936.37
civil,172,173,0.15,1556624.25
civil,174,185,0.15,9339745.5
civil,175,183,0.15,7004809.12
civil,18,19,0.15,3113248.50
civil,184,186,0.15,2334936.37
civil,186,187,0.15,1556624.25
civil,187,197,0.15,8561433.37
civil,191,196,0.15,4669872.75
civil,197,199,0.15,2334936.37
civil,198,201,0.15,3113248.5
civil,200,212,0.15,10118057.62
civil,210,225,0.15,12452994.0
civil,213,215,0.15,2334936.37
civil,216,227,0.15,9339745.5
civil,22,30,0.15,7004809.12
civil,226,228,0.15,2334936.37
civil,228,229,0.15,1556624.25
civil,229,240,0.15,9339745.5
civil,241,243,0.15,2334936.37
civil,244,256,0.15,10118057.62
civil,245,247,0.15,2334936.37
civil,247,255,0.15,7004809.12
civil,248,254,0.15,5448184.87
civil,25,31,0.15,5448184.87
civil,255,263,0.15,7004809.12
civil,256,257,0.15,1556624.25
civil,257,257,0.15,778312.12
civil,259,268,0.15,7783121.25
civil,264,275,0.15,9339745.5
civil,267,269,0.15,2334936.37
civil,269,271,0.15,2334936.37
civil,270,271,0.15,1556624.25
civil,274,282,0.15,7004809.12
civil,276,281,0.15,4669872.75
civil,282,292,0.15,8561433.37
civil,283,285,0.15,2334936.37
civil,287,288,0.15,1556624.25
civil,287,298,0.15,9339745.5
civil,289,297,0.15,7004809.12
civil,293,300,0.15,6226497.0
civil,298,299,0.15,1556624.25
civil,299,310,0.15,9339745.5
civil,301,311,0.15,8561433.37
civil,304,310,0.15,5448184.87
civil,31,33,0.15,2334936.37
civil,311,313,0.15,4669872.74
civil,312,319,0.15,6226497.0
civil,315,325,0.15,8561433.37
civil,32,33,0.15,1556624.25
civil,320,328,0.15,14009618.24
civil,326,327,0.15,1556624.25
civil,327,339,0.15,10118057.62
civil,329,329,0.15,778312.12
civil,329,337,0.15,7004809.12
civil,330,341,0.15,9339745.5
civil,331,339,0.15,7004809.12
civil,338,348,0.15,8561433.37
civil,340,341,0.15,3113248.50
civil,342,348,0.15,5448184.87
civil,344,353,0.15,7783121.25
civil,346,352,0.15,5448184.87
civil,349,358,0.15,7783121.25
civil,349,361,0.15,10118057.62
civil,35,46,0.15,9339745.5
civil,353,355,0.15,2334936.37
civil,354,355,0.15,1556624.25
civil,357,366,0.15,7783121.25
civil,359,369,0.15,8561433.37
civil,36,44,0.15,7004809.12
civil,362,373,0.15,9339745.5
civil,363,376,0.15,10896369.75
civil,367,369,0.15,2334936.37
civil,370,378,0.15,7004809.12
civil,374,382,0.15,7004809.12
civil,377,379,0.15,2334936.37
civil,379,382,0.15,3113248.5
civil,380,391,0.15,9339745.5
civil,383,389,0.15,5448184.87
civil,383,392,0.15,7783121.25
civil,385,399,0.15,11674681.87
civil,390,394,0.15,3891560.62
civil,392,393,0.15,1556624.25
civil,393,395,0.15,2334936.37
civil,394,397,0.15,3113248.5
civil,395,397,0.15,2334936.37
civil,396,407,0.15,9339745.5
civil,398,409,0.15,9339745.5
civil,400,409,0.15,7783121.25
civil,408,419,0.15,9339745.5
civil,408,423,0.15,12452994.0
civil,410,411,0.15,1556624.25
civil,410,415,0.15,4669872.75
civil,416,431,0.15,12452994.0
civil,417,424,0.15,6226497.0
civil,420,430,0.15,8561433.37
civil,424,425,0.15,1556624.25
civil,425,425,0.15,778312.12
civil,431,439,0.15,7004809.12
civil,432,443,0.15,9339745.5
civil,433,436,0.15,3113248.5
civil,433,439,0.15,5448184.87
civil,437,439,0.15,2334936.37
civil,440,441,0.15,1556624.25
civil,440,446,0.15,5448184.87
civil,442,451,0.15,7783121.25
civil,444,456,0.15,10118057.62
civil,447,456,0.15,7783121.25
civil,449,462,0.15,10896369.75
civil,45,47,0.15,2334936.37
civil,452,453,0.15,1556624.25
civil,457,465,0.15,7004809.12
civil,457,468,0.15,9339745.5
civil,463,463,0.15,778312.12
civil,464,465,0.15,1556624.25
civil,466,467,0.15,1556624.25
civil,466,474,0.15,7004809.12
civil,469,475,0.15,5448184.87
civil,469,478,0.15,7783121.25
civil,47,47,0.15,778312.12
civil,472,478,0.15,5448184.87
civil,475,481,0.15,5448184.87
civil,476,477,0.15,1556624.25
civil,478,486,0.15,7004809.12
civil,479,480,0.15,1556624.25
civil,479,494,0.15,12452994.0
civil,48,59,0.15,9339745.5
civil,481,488,0.15,6226497.0
civil,482,494,0.15,10118057.62
civil,487,488,0.15,1556624.25
civil,489,490,0.15,1556624.25
civil,489,497,0.15,7004809.12
civil,491,496,0.15,4669872.75
civil,495,504,0.15,15566242.50
civil,497,499,0.15,2334936.37
civil,498,498,0.15,778312.12
civil,499,500,0.15,1556624.25
civil,5,5,0.15,778312.12
civil,500,501,0.15,1556624.25
civil,501,511,0.15,8561433.37
civil,502,510,0.15,7004809.12
civil,505,511,0.15,5448184.87
civil,505,518,0.15,10896369.75
civil,511,512,0.15,1556624.25
civil,512,514,0.15,2334936.37
civil,512,518,0.15,5448184.87
civil,513,518,0.15,4669872.75
civil,515,527,0.15,10118057.62
civil,519,521,0.15,2334936.37
civil,519,526,0.15,6226497.0
civil,519,533,0.15,11674681.87
civil,522,535,0.15,10896369.75
civil,527,532,0.15,4669872.75
civil,528,529,0.15,1556624.25
civil,530,538,0.15,7004809.12
civil,533,534,0.15,1556624.25
civil,534,541,0.15,6226497.0
civil,535,545,0.15,8561433.37
civil,536,538,0.15,2334936.37
civil,539,540,0.15,1556624.25
civil,539,549,0.15,8561433.37
civil,541,549,0.15,7004809.12
civil,542,545,0.15,3113248.5
civil,546,552,0.15,5448184.87
civil,546,558,0.15,10118057.62
civil,550,550,0.15,778312.12
civil,550,552,0.15,2334936.37
civil,551,552,0.15,1556624.25
civil,553,555,0.15,2334936.37
civil,553,564,0.15,9339745.5
civil,553,566,0.15,10896369.75
civil,556,570,0.15,11674681.87
civil,559,567,0.15,7004809.12
civil,565,565,0.15,778312.12
civil,566,570,0.15,3891560.62
civil,567,568,0.15,1556624.25
civil,568,576,0.15,7004809.12
civil,569,577,0.15,7004809.12
civil,571,572,0.15,1556624.25
civil,571,573,0.15,2334936.37
civil,573,582,0.15,7783121.25
civil,574,586,0.15,10118057.62
civil,577,578,0.15,1556624.25
civil,578,586,0.15,7004809.12
civil,579,590,0.15,9339745.5
civil,583,583,0.15,778312.12
civil,584,584,0.15,778312.12
civil,585,587,0.15,2334936.37
civil,587,588,0.15,1556624.25
civil,587,595,0.15,7004809.12
civil,588,598,0.15,8561433.37
civil,589,597,0.15,7004809.12
civil,59,59,0.15,778312.12
civil,591,600,0.15,7783121.25
civil,596,601,0.15,4669872.75
civil,598,599,0.15,1556624.25
civil,599,600,0.15,1556624.25
civil,60,61,0.15,3113248.50
civil,600,608,0.15,7004809.12
civil,601,601,0.15,778312.12
civil,601,608,0.15,6226497.0
civil,602,612,0.15,8561433.37
civil,602,615,0.15,10896369.75
civil,609,610,0.15,3113248.50
civil,611,618,0.15,6226497.0
civil,611,619,0.15,7004809.12
civil,613,620,0.15,6226497.0
civil,616,626,0.15,8561433.37
civil,619,620,0.15,1556624.25
civil,620,622,0.15,2334936.37
civil,621,628,0.15,12452994.0
civil,623,636,0.15,10896369.75
civil,627,631,0.15,3891560.62
civil,629,636,0.15,6226497.0
civil,632,646,0.15,11674681.87
civil,637,650,0.15,10896369.75
civil,67,72,0.15,4669872.75
civil,67,73,0.15,5448184.87
civil,690,691,0.15,1556624.25
civil,696,703,0.15,6226497.0
civil,704,705,0.15,3113248.50
civil,710,717,0.15,12452994.0
civil,718,719,0.15,3113248.50
civil,723,730,0.15,6226497.0
civil,724,731,0.15,6226497.0
civil,727,739,0.15,10118057.62
civil,73,75,0.15,2334936.37
civil,731,733,0.15,2334936.37
civil,732,733,0.15,1556624.25
civil,735,745,0.15,8561433.37
civil,738,745,0.15,6226497.0
civil,74,75,0.15,1556624.25
civil,740,748,0.15,7004809.12
civil,746,747,0.15,3113248.50
civil,749,757,0.15,7004809.12
civil,752,759,0.15,6226497.0
civil,752,760,0.15,7004809.12
civil,758,766,0.15,7004809.12
civil,760,761,0.15,1556624.25
civil,761,761,0.15,778312.12
civil,767,773,0.15,5448184.87
civil,767,774,0.15,6226497.0
civil,77,86,0.15,7783121.25
civil,77,87,0.15,8561433.37
civil,773,773,0.15,778312.12
civil,774,775,0.15,3113248.50
civil,779,786,0.15,6226497.0
civil,779,787,0.15,7004809.12
civil,787,789,0.15,2334936.37
civil,788,789,0.15,1556624.25
civil,792,802,0.15,8561433.37
civil,794,801,0.15,6226497.0
civil,802,803,0.15,1556624.25
civil,803,803,0.15,778312.12
civil,808,815,0.15,6226497.0
civil,810,817,0.15,6226497.0
civil,814,815,0.15,1556624.25
civil,816,817,0.15,3113248.50
civil,818,825,0.15,6226497.0
civil,822,829,0.15,6226497.0
civil,824,829,0.15,4669872.75
civil,826,833,0.15,12452994.0
civil,830,831,0.15,3113248.50
civil,834,841,0.15,12452994.0
civil,835,843,0.15,7004809.12
civil,837,843,0.15,5448184.87
civil,842,842,0.15,778312.12
civil,843,849,0.15,5448184.87
civil,843,853,0.15,8561433.37
civil,844,845,0.15,3113248.50
civil,850,857,0.15,6226497.0
civil,850,858,0.15,14009618.24
civil,854,862,0.15,7004809.12
civil,858,859,0.15,1556624.25
civil,859,859,0.15,778312.12
civil,859,866,0.15,6226497.0
civil,862,870,0.15,7004809.12
civil,863,870,0.15,6226497.0
civil,867,868,0.15,1556624.25
civil,868,868,0.15,778312.12
civil,869,870,0.15,1556624.25
civil,869,876,0.15,6226497.0
civil,87,89,0.15,2334936.37
civil,871,873,0.15,2334936.37
civil,871,876,0.15,4669872.75
civil,871,881,0.15,8561433.37
civil,877,878,0.15,1556624.25
civil,877,884,0.15,6226497.0
civil,879,885,0.15,5448184.87
civil,88,89,0.15,1556624.25
civil,882,887,0.15,4669872.75
civil,885,893,0.15,7004809.12
civil,886,887,0.15,1556624.25
civil,888,894,0.15,5448184.87
civil,888,898,0.15,8561433.37
civil,892,899,0.15,6226497.0
civil,894,902,0.15,7004809.12
civil,895,902,0.15,6226497.0
civil,899,900,0.15,1556624.25
civil,900,901,0.15,1556624.25
civil,901,909,0.15,7004809.12
civil,903,903,0.15,778312.12
civil,903,908,0.15,4669872.75
civil,904,912,0.15,7004809.12
civil,905,913,0.15,7004809.12
civil,909,919,0.15,8561433.37
civil,910,911,0.15,1556624.25
civil,912,920,0.15,7004809.12
civil,913,919,0.15,5448184.87
civil,914,915,0.15,1556624.25
civil,920,927,0.15,12452994.0
civil,920,928,0.15,7004809.12
civil,921,923,0.15,2334936.37
civil,924,936,0.15,10118057.62
civil,928,929,0.15,1556624.25
civil,928,936,0.15,7004809.12
civil,929,937,0.15,7004809.12
civil,93,100,0.15,6226497.0
civil,937,949,0.15,10118057.62
civil,938,945,0.15,6226497.0
civil,940,949,0.15,7783121.25
civil,942,943,0.15,1556624.25
civil,948,955,0.15,6226497.0
civil,950,959,0.15,7783121.25
civil,956,957,0.15,1556624.25
civil,956,963,0.15,6226497.0
civil,962,969,0.15,6226497.0
civil,970,971,0.15,3113248.50
civil,973,978,0.15,4669872.75
civil,977,982,0.15,4669872.75
civil,979,981,0.15,2334936.37
civil,982,996,0.15,11674681.87
civil,983,983,0.15,778312.12
civil,984,984,0.15,778312.12
civil,984,991,0.15,6226497.0
civil,985,986,0.15,1556624.25
civil,987,996,0.15,7783121.25
civil,992,997,0.15,4669872.75
civil,997,999,0.15,4669872.74
civil,998,1003,0.15,4669872.75
civil,998,1012,0.15,11674681.87
depots,104,112,0.25,3242923.33
depots,113,130,0.25,6485846.67
depots,131,139,0.25,3242923.33
depots,140,157,0.25,6485846.67
depots,158,166,0.25,3242923.33
depots,167,184,0.25,6485846.67
depots,185,193,0.25,3242923.33
depots,194,211,0.25,6485846.67
depots,212,220,0.25,3242923.33
depots,221,238,0.25,6485846.67
depots,23,31,0.25,3242923.33
depots,239,247,0.25,3242923.33
depots,248,265,0.25,6485846.67
depots,266,274,0.25,3242923.33
depots,275,292,0.25,6485846.67
depots,293,301,0.25,3242923.33
depots,302,319,0.25,6485846.67
depots,32,49,0.25,6485846.67
depots,320,328,0.25,3242923.33
depots,329,346,0.25,6485846.67
depots,347,355,0.25,3242923.33
depots,356,373,0.25,6485846.67
depots,374,382,0.25,3242923.33
depots,383,400,0.25,6485846.67
depots,401,409,0.25,3242923.33
depots,410,427,0.25,6485846.67
depots,428,436,0.25,3242923.33
depots,437,454,0.25,6485846.67
depots,455,463,0.25,3242923.33
depots,464,481,0.25,6485846.67
depots,482,490,0.25,3242923.33
depots,491,508,0.25,6485846.67
depots,5,22,0.25,6485846.67
depots,50,58,0.25,3242923.33
depots,509,526,0.25,6485846.67
depots,527,544,0.25,6485846.67
depots,545,562,0.25,6485846.67
depots,563,580,0.25,6485846.67
depots,581,598,0.25,6485846.67
depots,59,76,0.25,6485846.67
depots,599,616,0.25,6485846.67
depots,617,634,0.25,6485846.67
depots,635,652,0.25,6485846.67
depots,653,670,0.25,6485846.67
depots,671,688,0.25,6485846.67
depots,689,706,0.25,6485846.67
depots,707,724,0.25,6485846.67
depots,725,742,0.25,6485846.67
depots,743,760,0.25,6485846.67
depots,761,778,0.25,6485846.67
depots,77,85,0.25,3242923.33
depots,779,796,0.25,6485846.67
depots,797,814,0.25,6485846.61
depots,86,103,0.25,6485846.67
epc_overhead,1000,1012,0.15,685227.9
epc_overhead,1000,1013,0.15,434610.30
epc_overhead,1000,1014,0.15,801366.90
epc_overhead,1000,1018,0.15,40733.43
epc_overhead,1000,1023,0.15,34301.84
epc_overhead,1001,1003,0.15,777.82
epc_overhead,1001,1005,0.15,55300.42
epc_overhead,1001,1015,0.15,10719.32
epc_overhead,1001,1024,0.15,17150.92
epc_overhead,1002,1016,0.15,10719.32
epc_overhead,1002,1020,0.15,13577.81
epc_overhead,1003,1017,0.15,10719.32
epc_overhead,1003,1021,0.15,13577.81
epc_overhead,1004,1004,0.15,52709.84
epc_overhead,1004,1007,0.15,2074.18
epc_overhead,1004,1013,0.15,310435.92
epc_overhead,1004,1018,0.15,10719.32
epc_overhead,1005,1014,0.15,527098.39
epc_overhead,1005,1019,0.15,10719.32
epc_overhead,1005,1023,0.15,40733.43
epc_overhead,1006,1008,0.15,777.82
epc_overhead,1006,1015,0.15,110600.82
epc_overhead,1006,1020,0.15,10719.32
epc_overhead,1007,1021,0.15,21438.64
epc_overhead,1007,1025,0.15,13577.81
epc_overhead,1008,1011,0.15,2074.18
epc_overhead,1008,1022,0.15,10719.32
epc_overhead,1008,1026,0.15,13577.81
epc_overhead,1009,1011,0.15,1555.64
epc_overhead,1009,1023,0.15,10719.32
epc_overhead,1009,1027,0.15,27155.62
epc_overhead,101,103,0.15,158129.52
epc_overhead,101,105,0.15,27650.21
epc_overhead,1010,1024,0.15,10719.32
epc_overhead,1010,1028,0.15,13577.81
epc_overhead,1011,1025,0.15,10719.32
epc_overhead,1012,1015,0.15,3111.27
epc_overhead,1012,1026,0.15,10719.32
epc_overhead,1012,1030,0.15,27155.62
epc_overhead,1013,1015,0.15,777.82
epc_overhead,1013,1025,0.15,685227.9
epc_overhead,1013,1027,0.15,10719.32
epc_overhead,1013,1031,0.15,13577.81
epc_overhead,1014,1023,0.15,310435.92
epc_overhead,1014,1027,0.15,434610.30
epc_overhead,1014,1028,0.15,10719.32
epc_overhead,1014,1032,0.15,13577.81
epc_overhead,1015,1029,0.15,801366.90
epc_overhead,1015,1033,0.15,13577.81
epc_overhead,1016,1019,0.15,3111.27
epc_overhead,1016,1020,0.15,55300.42
epc_overhead,1016,1030,0.15,10719.32
epc_overhead,1017,1019,0.15,777.82
epc_overhead,1017,1031,0.15,10719.32
epc_overhead,1017,1035,0.15,40733.43
epc_overhead,1018,1032,0.15,10719.32
epc_overhead,1019,1033,0.15,10719.32
epc_overhead,1019,1037,0.15,13577.81
epc_overhead,1020,1023,0.15,5185.45
epc_overhead,1020,1034,0.15,10719.32
epc_overhead,1020,1038,0.15,13577.81
epc_overhead,1021,1030,0.15,110600.82
epc_overhead,1021,1035,0.15,10719.32
epc_overhead,1021,1039,0.15,27155.62
epc_overhead,1022,1036,0.15,21438.64
epc_overhead,1022,1040,0.15,13577.81
epc_overhead,1023,1037,0.15,10719.32
epc_overhead,1024,1038,0.15,10719.32
epc_overhead,1024,1042,0.15,27155.62
epc_overhead,1025,1027,0.15,158129.52
epc_overhead,1025,1039,0.15,10719.32
epc_overhead,1025,1043,0.15,13577.81
epc_overhead,1026,1029,0.15,1037.09
epc_overhead,1026,1035,0.15,155217.96
epc_overhead,1026,1040,0.15,10719.32
epc_overhead,1027,1041,0.15,10719.32
epc_overhead,1028,1037,0.15,155217.96
epc_overhead,1028,1041,0.15,434610.30
epc_overhead,1028,1042,0.15,10719.32
epc_overhead,1029,1043,0.15,10719.32
epc_overhead,103,113,0.15,579808.22
epc_overhead,1030,1033,0.15,3111.27
epc_overhead,1030,1044,0.15,10719.32
epc_overhead,1031,1033,0.15,777.82
epc_overhead,1031,1035,0.15,55300.42
epc_overhead,1031,1045,0.15,10719.32
epc_overhead,1032,1046,0.15,10719.32
epc_overhead,1033,1047,0.15,10719.32
epc_overhead,1034,1037,0.15,4148.36
epc_overhead,1034,1048,0.15,10719.32
epc_overhead,1035,1049,0.15,10719.32
epc_overhead,1036,1045,0.15,265818.78
epc_overhead,1036,1048,0.15,685227.9
epc_overhead,1036,1050,0.15,10719.32
epc_overhead,1037,1037,0.15,52709.84
epc_overhead,1037,1051,0.15,21438.64
epc_overhead,1038,1040,0.15,158129.52
epc_overhead,1038,1052,0.15,10719.32
epc_overhead,1039,1053,0.15,10719.32
epc_overhead,104,112,0.15,219621.36
epc_overhead,104,117,0.15,434610.30
epc_overhead,1040,1054,0.15,10719.32
epc_overhead,1041,1041,0.15,52709.84
epc_overhead,1041,1055,0.15,10719.32
epc_overhead,1042,1055,0.15,434610.30
epc_overhead,1042,1056,0.15,10719.32
epc_overhead,1043,1057,0.15,10719.32
epc_overhead,1044,1058,0.15,10719.32
epc_overhead,1045,1059,0.15,10719.32
epc_overhead,1046,1048,0.15,158129.52
epc_overhead,1046,1049,0.15,210839.35
epc_overhead,1046,1050,0.15,55300.42
epc_overhead,1046,1055,0.15,310435.92
epc_overhead,1046,1060,0.15,10718.92
epc_overhead,1049,1061,0.15,685227.9
epc_overhead,105,115,0.15,579808.22
epc_overhead,1050,1053,0.15,210839.37
epc_overhead,1051,1053,0.15,777.82
epc_overhead,1051,1060,0.15,110600.82
epc_overhead,1054,1057,0.15,2074.18
epc_overhead,1055,1057,0.15,777.82
epc_overhead,1056,1065,0.15,310435.99
epc_overhead,1058,1061,0.15,2072.23
epc_overhead,1059,1061,0.15,1555.64
epc_overhead,106,115,0.15,55300.41
epc_overhead,1061,1065,0.15,55300.52
epc_overhead,1062,1065,0.15,4148.36
epc_overhead,108,112,0.15,27650.21
epc_overhead,113,122,0.15,55300.41
epc_overhead,113,130,0.15,439242.71
epc_overhead,114,115,0.15,105419.68
epc_overhead,116,117,0.15,105419.68
epc_overhead,116,120,0.15,27650.21
epc_overhead,116,124,0.15,474388.55
epc_overhead,118,131,0.15,434610.30
epc_overhead,121,130,0.15,55300.41
epc_overhead,123,127,0.15,27650.21
epc_overhead,125,125,0.15,52709.84
epc_overhead,126,129,0.15,210839.35
epc_overhead,128,137,0.15,55300.41
epc_overhead,130,131,0.15,105419.68
epc_overhead,131,135,0.15,27650.21
epc_overhead,131,139,0.15,219621.36
epc_overhead,132,145,0.15,434610.30
epc_overhead,136,145,0.15,55300.41
epc_overhead,138,142,0.15,27650.21
epc_overhead,140,157,0.15,439242.71
epc_overhead,143,152,0.15,55300.41
epc_overhead,144,145,0.15,105419.68
epc_overhead,144,151,0.15,421678.71
epc_overhead,146,150,0.15,27650.21
epc_overhead,146,159,0.15,434610.30
epc_overhead,15,17,0.15,158129.52
epc_overhead,150,158,0.15,474388.55
epc_overhead,151,160,0.15,55300.41
epc_overhead,152,158,0.15,368968.87
epc_overhead,153,157,0.15,27650.21
epc_overhead,158,166,0.15,219621.36
epc_overhead,158,167,0.15,55300.41
epc_overhead,159,159,0.15,105419.68
epc_overhead,160,173,0.15,434610.30
epc_overhead,161,165,0.15,27650.21
epc_overhead,166,175,0.15,55300.41
epc_overhead,167,171,0.15,263549.19
epc_overhead,167,184,0.15,439242.71
epc_overhead,168,170,0.15,158129.52
epc_overhead,168,172,0.15,27650.21
epc_overhead,171,173,0.15,158129.52
epc_overhead,172,173,0.15,105419.68
epc_overhead,173,182,0.15,55300.41
epc_overhead,174,185,0.15,632518.06
epc_overhead,174,187,0.15,434610.30
epc_overhead,175,183,0.15,474388.55
epc_overhead,176,180,0.15,27650.21
epc_overhead,18,19,0.15,210839.36
epc_overhead,181,190,0.15,55300.41
epc_overhead,183,187,0.15,27650.21
epc_overhead,184,186,0.15,158129.52
epc_overhead,185,193,0.15,219621.36
epc_overhead,186,187,0.15,105419.68
epc_overhead,187,197,0.15,579808.22
epc_overhead,188,197,0.15,55300.41
epc_overhead,188,201,0.15,434610.30
epc_overhead,191,195,0.15,27650.21
epc_overhead,191,196,0.15,316259.03
epc_overhead,194,211,0.15,439242.71
epc_overhead,196,205,0.15,55300.41
epc_overhead,197,199,0.15,158129.52
epc_overhead,198,201,0.15,210839.35
epc_overhead,198,202,0.15,27650.21
epc_overhead,20,33,0.15,434610.30
epc_overhead,200,212,0.15,685227.9
epc_overhead,202,215,0.15,434610.30
epc_overhead,203,212,0.15,55300.41
epc_overhead,206,210,0.15,27650.21
epc_overhead,210,225,0.15,843357.42
epc_overhead,211,220,0.15,55300.41
epc_overhead,212,220,0.15,219621.36
epc_overhead,213,215,0.15,158129.52
epc_overhead,213,217,0.15,27650.21
epc_overhead,216,227,0.15,632518.06
epc_overhead,216,229,0.15,434610.30
epc_overhead,218,227,0.15,55300.41
epc_overhead,22,30,0.15,474388.55
epc_overhead,221,225,0.15,27650.21
epc_overhead,221,238,0.15,439242.71
epc_overhead,226,228,0.15,158129.52
epc_overhead,226,235,0.15,55300.41
epc_overhead,228,229,0.15,105419.68
epc_overhead,228,232,0.15,27650.21
epc_overhead,229,240,0.15,632518.06
epc_overhead,23,31,0.15,219621.36
epc_overhead,230,243,0.15,434610.30
epc_overhead,233,242,0.15,55300.41
epc_overhead,236,240,0.15,27650.21
epc_overhead,239,247,0.15,219621.36
epc_overhead,241,243,0.15,158129.52
epc_overhead,241,250,0.15,55300.41
epc_overhead,243,247,0.15,27650.21
epc_overhead,244,256,0.15,685227.9
epc_overhead,244,257,0.15,434610.30
epc_overhead,245,247,0.15,158129.52
epc_overhead,247,255,0.15,474388.55
epc_overhead,248,254,0.15,368968.87
epc_overhead,248,257,0.15,55300.41
epc_overhead,248,265,0.15,439242.71
epc_overhead,25,31,0.15,368968.87
epc_overhead,251,255,0.15,27650.21
epc_overhead,255,263,0.15,474388.55
epc_overhead,256,257,0.15,105419.68
epc_overhead,256,265,0.15,55300.41
epc_overhead,257,257,0.15,52709.84
epc_overhead,258,262,0.15,27650.21
epc_overhead,258,271,0.15,434610.30
epc_overhead,259,268,0.15,527098.39
epc_overhead,263,272,0.15,55300.41
epc_overhead,264,275,0.15,632518.06
epc_overhead,265,274,0.15,310435.92
epc_overhead,266,270,0.15,27650.21
epc_overhead,266,274,0.15,219621.36
epc_overhead,267,269,0.15,158129.52
epc_overhead,269,271,0.15,158129.52
epc_overhead,270,271,0.15,105419.68
epc_overhead,271,280,0.15,55300.41
epc_overhead,272,285,0.15,434610.30
epc_overhead,273,277,0.15,27650.21
epc_overhead,274,282,0.15,474388.55
epc_overhead,275,284,0.15,310435.92
epc_overhead,275,292,0.15,439242.71
epc_overhead,276,281,0.15,316259.03
epc_overhead,278,287,0.15,55300.41
epc_overhead,281,285,0.15,27650.21
epc_overhead,282,292,0.15,579808.22
epc_overhead,283,285,0.15,158129.52
epc_overhead,285,294,0.15,310435.92
epc_overhead,286,295,0.15,55300.41
epc_overhead,286,299,0.15,434610.30
epc_overhead,287,288,0.15,105419.68
epc_overhead,287,298,0.15,632518.06
epc_overhead,288,292,0.15,27650.21
epc_overhead,289,297,0.15,474388.55
epc_overhead,293,300,0.15,421678.71
epc_overhead,293,301,0.15,219621.36
epc_overhead,293,302,0.15,55300.41
epc_overhead,295,304,0.15,310435.92
epc_overhead,296,300,0.15,27650.21
epc_overhead,298,299,0.15,105419.68
epc_overhead,299,310,0.15,632518.06
epc_overhead,300,313,0.15,434610.30
epc_overhead,301,310,0.15,55300.41
epc_overhead,301,311,0.15,579808.22
epc_overhead,302,319,0.15,439242.71
epc_overhead,303,307,0.15,27650.21
epc_overhead,304,310,0.15,368968.87
epc_overhead,305,314,0.15,310435.92
epc_overhead,308,317,0.15,55300.41
epc_overhead,31,33,0.15,158129.52
epc_overhead,311,313,0.15,316259.04
epc_overhead,311,315,0.15,27650.21
epc_overhead,312,319,0.15,421678.71
epc_overhead,314,327,0.15,434610.30
epc_overhead,315,324,0.15,310435.92
epc_overhead,315,325,0.15,579808.22
epc_overhead,316,325,0.15,55300.41
epc_overhead,318,322,0.15,27650.21
epc_overhead,32,33,0.15,105419.68
epc_overhead,32,49,0.15,439242.71
epc_overhead,320,328,0.15,1168398.46
epc_overhead,323,332,0.15,55300.41
epc_overhead,325,334,0.15,310435.92
epc_overhead,326,327,0.15,105419.68
epc_overhead,326,330,0.15,27650.21
epc_overhead,327,339,0.15,685227.9
epc_overhead,328,341,0.15,434610.30
epc_overhead,329,329,0.15,52709.84
epc_overhead,329,331,0.15,777.82
epc_overhead,329,337,0.15,474388.55
epc_overhead,329,346,0.15,439242.71
epc_overhead,330,341,0.15,632518.06
epc_overhead,331,339,0.15,474388.55
epc_overhead,331,340,0.15,55300.41
epc_overhead,332,334,0.15,777.82
epc_overhead,333,337,0.15,27650.21
epc_overhead,334,336,0.15,777.82
epc_overhead,335,337,0.15,777.82
epc_overhead,335,344,0.15,310435.92
epc_overhead,337,339,0.15,777.82
epc_overhead,338,340,0.15,777.82
epc_overhead,338,347,0.15,55300.41
epc_overhead,338,348,0.15,579808.22
epc_overhead,339,343,0.15,1296.36
epc_overhead,34,47,0.15,434610.30
epc_overhead,340,341,0.15,210839.36
epc_overhead,340,342,0.15,1555.64
epc_overhead,341,343,0.15,777.82
epc_overhead,341,345,0.15,27650.21
epc_overhead,342,348,0.15,368968.87
epc_overhead,342,355,0.15,434610.30
epc_overhead,343,345,0.15,1555.64
epc_overhead,344,346,0.15,777.82
epc_overhead,344,348,0.15,1296.36
epc_overhead,344,353,0.15,527098.39
epc_overhead,345,354,0.15,310435.92
epc_overhead,346,348,0.15,1555.64
epc_overhead,346,352,0.15,368968.87
epc_overhead,346,355,0.15,55300.41
epc_overhead,347,349,0.15,777.82
epc_overhead,347,355,0.15,219621.36
epc_overhead,348,352,0.15,27650.21
epc_overhead,349,351,0.15,1555.64
epc_overhead,349,352,0.15,1037.09
epc_overhead,349,358,0.15,527098.39
epc_overhead,349,361,0.15,685227.9
epc_overhead,35,46,0.15,632518.06
epc_overhead,350,352,0.15,777.82
epc_overhead,352,354,0.15,1555.64
epc_overhead,353,355,0.15,158907.34
epc_overhead,353,357,0.15,1296.36
epc_overhead,353,362,0.15,55300.41
epc_overhead,354,355,0.15,105419.68
epc_overhead,355,357,0.15,1555.64
epc_overhead,355,364,0.15,310435.92
epc_overhead,356,358,0.15,777.82
epc_overhead,356,360,0.15,27650.21
epc_overhead,356,369,0.15,434610.30
epc_overhead,356,373,0.15,439242.71
epc_overhead,357,366,0.15,527098.39
epc_overhead,358,360,0.15,1555.64
epc_overhead,358,362,0.15,1296.36
epc_overhead,359,361,0.15,777.82
epc_overhead,359,369,0.15,579808.22
epc_overhead,36,44,0.15,474388.55
epc_overhead,361,363,0.15,1555.64
epc_overhead,361,370,0.15,55300.41
epc_overhead,362,364,0.15,777.82
epc_overhead,362,373,0.15,632518.06
epc_overhead,363,367,0.15,28946.57
epc_overhead,363,376,0.15,737937.74
epc_overhead,364,366,0.15,1555.64
epc_overhead,365,367,0.15,777.82
epc_overhead,365,374,0.15,310435.92
epc_overhead,367,369,0.15,159685.16
epc_overhead,367,371,0.15,1296.36
epc_overhead,368,370,0.15,777.82
epc_overhead,368,372,0.15,1296.36
epc_overhead,368,377,0.15,55300.41
epc_overhead,370,372,0.15,1555.64
epc_overhead,370,378,0.15,474388.55
epc_overhead,370,383,0.15,434610.30
epc_overhead,371,373,0.15,777.82
epc_overhead,371,375,0.15,27650.21
epc_overhead,372,376,0.15,1296.36
epc_overhead,373,375,0.15,1555.64
epc_overhead,373,377,0.15,1296.36
epc_overhead,374,376,0.15,777.82
epc_overhead,374,382,0.15,694009.91
epc_overhead,375,384,0.15,310435.92
epc_overhead,376,378,0.15,1555.64
epc_overhead,376,385,0.15,55300.41
epc_overhead,377,379,0.15,158907.34
epc_overhead,377,381,0.15,1296.36
epc_overhead,378,382,0.15,28946.57
epc_overhead,379,381,0.15,1555.64
epc_overhead,379,382,0.15,210839.35
epc_overhead,380,382,0.15,777.82
epc_overhead,380,391,0.15,632518.06
epc_overhead,382,384,0.15,1555.64
epc_overhead,382,386,0.15,1296.36
epc_overhead,383,385,0.15,777.82
epc_overhead,383,387,0.15,1296.36
epc_overhead,383,389,0.15,368968.87
epc_overhead,383,392,0.15,582398.80
epc_overhead,383,400,0.15,439242.71
epc_overhead,384,397,0.15,434610.30
epc_overhead,385,387,0.15,1555.64
epc_overhead,385,394,0.15,310435.92
epc_overhead,385,399,0.15,790647.58
epc_overhead,386,388,0.15,777.82
epc_overhead,386,390,0.15,27650.21
epc_overhead,387,391,0.15,1296.36
epc_overhead,388,390,0.15,1555.64
epc_overhead,388,392,0.15,1296.36
epc_overhead,389,391,0.15,777.82
epc_overhead,390,393,0.15,2858.49
epc_overhead,390,394,0.15,263549.19
epc_overhead,391,393,0.15,1555.64
epc_overhead,391,400,0.15,55300.41
epc_overhead,392,393,0.15,105419.68
epc_overhead,392,394,0.15,777.82
epc_overhead,392,396,0.15,1296.36
epc_overhead,393,395,0.15,158129.52
epc_overhead,393,397,0.15,28946.57
epc_overhead,394,396,0.15,1555.64
epc_overhead,394,397,0.15,210839.35
epc_overhead,394,422,0.15,20724.02
epc_overhead,395,397,0.15,158907.34
epc_overhead,395,404,0.15,310435.92
epc_overhead,396,407,0.15,632518.06
epc_overhead,397,399,0.15,1555.64
epc_overhead,397,401,0.15,1296.36
epc_overhead,398,400,0.15,777.82
epc_overhead,398,402,0.15,1296.36
epc_overhead,398,407,0.15,55300.41
epc_overhead,398,409,0.15,632518.06
epc_overhead,398,411,0.15,434610.30
epc_overhead,400,402,0.15,1555.64
epc_overhead,400,409,0.15,527098.39
epc_overhead,401,403,0.15,777.82
epc_overhead,401,405,0.15,27650.21
epc_overhead,401,409,0.15,219621.36
epc_overhead,402,406,0.15,1296.36
epc_overhead,403,405,0.15,1555.64
epc_overhead,403,407,0.15,1296.36
epc_overhead,404,406,0.15,777.82
epc_overhead,405,414,0.15,310435.92
epc_overhead,406,408,0.15,1555.64
epc_overhead,406,415,0.15,55300.41
epc_overhead,407,409,0.15,777.82
epc_overhead,407,411,0.15,1296.36
epc_overhead,408,412,0.15,28946.57
epc_overhead,408,419,0.15,632518.06
epc_overhead,408,423,0.15,843357.42
epc_overhead,409,411,0.15,1555.64
epc_overhead,410,411,0.15,105419.68
epc_overhead,410,412,0.15,777.82
epc_overhead,410,413,0.15,1037.09
epc_overhead,410,415,0.15,316259.03
epc_overhead,410,427,0.15,439242.71
epc_overhead,412,414,0.15,1555.64
epc_overhead,412,416,0.15,1296.36
epc_overhead,412,425,0.15,434610.30
epc_overhead,413,415,0.15,777.82
epc_overhead,413,416,0.15,1037.09
epc_overhead,413,422,0.15,55300.41
epc_overhead,414,417,0.15,1037.09
epc_overhead,415,417,0.15,1555.64
epc_overhead,415,424,0.15,310435.92
epc_overhead,416,418,0.15,777.82
epc_overhead,416,420,0.15,27650.21
epc_overhead,416,431,0.15,843357.42
epc_overhead,417,421,0.15,2592.72
epc_overhead,417,424,0.15,421678.71
epc_overhead,418,420,0.15,1555.64
epc_overhead,418,421,0.15,1037.09
epc_overhead,419,421,0.15,777.82
epc_overhead,420,430,0.15,579808.22
epc_overhead,421,423,0.15,1555.64
epc_overhead,421,430,0.15,55300.41
epc_overhead,422,424,0.15,777.82
epc_overhead,422,425,0.15,2074.18
epc_overhead,422,426,0.15,1296.36
epc_overhead,423,427,0.15,27650.21
epc_overhead,423,434,0.15,8575.46
epc_overhead,424,425,0.15,105419.68
epc_overhead,424,426,0.15,1555.64
epc_overhead,425,425,0.15,52709.84
epc_overhead,425,427,0.15,777.82
epc_overhead,425,434,0.15,310435.92
epc_overhead,426,429,0.15,1037.09
epc_overhead,426,430,0.15,1296.36
epc_overhead,426,439,0.15,434610.30
epc_overhead,427,429,0.15,1555.64
epc_overhead,427,431,0.15,1296.36
epc_overhead,428,430,0.15,777.82
epc_overhead,428,436,0.15,219621.36
epc_overhead,428,437,0.15,55300.41
epc_overhead,430,432,0.15,1555.64
epc_overhead,430,433,0.15,1037.09
epc_overhead,431,433,0.15,777.82
epc_overhead,431,435,0.15,28946.57
epc_overhead,431,439,0.15,474388.55
epc_overhead,432,436,0.15,1296.36
epc_overhead,432,443,0.15,632518.06
epc_overhead,433,435,0.15,1555.64
epc_overhead,433,436,0.15,210839.35
epc_overhead,433,439,0.15,368968.87
epc_overhead,434,436,0.15,777.82
epc_overhead,434,437,0.15,1037.09
epc_overhead,435,437,0.15,2143.86
epc_overhead,435,444,0.15,310435.92
epc_overhead,436,438,0.15,1555.64
epc_overhead,436,440,0.15,1296.36
epc_overhead,436,445,0.15,55300.41
epc_overhead,437,439,0.15,158907.34
epc_overhead,437,441,0.15,1296.36
epc_overhead,437,454,0.15,439242.71
epc_overhead,438,441,0.15,1037.09
epc_overhead,438,442,0.15,27650.21
epc_overhead,438,461,0.15,17150.92
epc_overhead,439,441,0.15,1555.64
epc_overhead,440,441,0.15,105419.68
epc_overhead,440,442,0.15,777.82
epc_overhead,440,446,0.15,368968.87
epc_overhead,440,453,0.15,434610.30
epc_overhead,441,444,0.15,1037.09
epc_overhead,442,444,0.15,1555.64
epc_overhead,442,445,0.15,1037.09
epc_overhead,442,446,0.15,1296.36
epc_overhead,442,451,0.15,527098.39
epc_overhead,443,445,0.15,777.82
epc_overhead,443,452,0.15,55300.41
epc_overhead,444,456,0.15,685227.9
epc_overhead,445,447,0.15,1555.64
epc_overhead,445,449,0.15,1296.36
epc_overhead,445,454,0.15,310435.92
epc_overhead,446,448,0.15,777.82
epc_overhead,446,449,0.15,1037.09
epc_overhead,446,450,0.15,27650.21
epc_overhead,447,451,0.15,1296.36
epc_overhead,447,456,0.15,527098.39
epc_overhead,448,450,0.15,1555.64
epc_overhead,449,451,0.15,777.82
epc_overhead,449,462,0.15,737937.74
epc_overhead,45,47,0.15,158129.52
epc_overhead,450,453,0.15,1037.09
epc_overhead,450,454,0.15,1296.36
epc_overhead,451,453,0.15,1555.64
epc_overhead,451,460,0.15,55300.41
epc_overhead,452,453,0.15,105419.68
epc_overhead,452,454,0.15,777.82
epc_overhead,452,456,0.15,1296.36
epc_overhead,453,457,0.15,27650.21
epc_overhead,454,456,0.15,1555.64
epc_overhead,454,457,0.15,2074.18
epc_overhead,454,467,0.15,434610.30
epc_overhead,455,457,0.15,777.82
epc_overhead,455,459,0.15,1296.36
epc_overhead,455,463,0.15,219621.36
epc_overhead,455,464,0.15,310435.92
epc_overhead,457,459,0.15,1555.64
epc_overhead,457,461,0.15,1296.36
epc_overhead,457,465,0.15,474388.55
epc_overhead,457,468,0.15,632518.06
epc_overhead,458,460,0.15,777.82
epc_overhead,458,461,0.15,2074.18
epc_overhead,458,467,0.15,55300.41
epc_overhead,460,462,0.15,1555.64
epc_overhead,460,464,0.15,1296.36
epc_overhead,461,463,0.15,777.82
epc_overhead,461,465,0.15,27650.21
epc_overhead,462,465,0.15,3111.27
epc_overhead,462,480,0.15,13577.81
epc_overhead,463,463,0.15,52709.84
epc_overhead,463,465,0.15,1555.64
epc_overhead,464,465,0.15,105419.68
epc_overhead,464,466,0.15,777.82
epc_overhead,464,481,0.15,439242.71
epc_overhead,465,469,0.15,1296.36
epc_overhead,465,474,0.15,310435.92
epc_overhead,466,467,0.15,105419.68
epc_overhead,466,468,0.15,1555.64
epc_overhead,466,469,0.15,2074.18
epc_overhead,466,470,0.15,1296.36
epc_overhead,466,474,0.15,474388.55
epc_overhead,466,475,0.15,55300.41
epc_overhead,467,469,0.15,777.82
epc_overhead,468,472,0.15,27650.21
epc_overhead,468,481,0.15,434610.30
epc_overhead,469,471,0.15,1555.64
epc_overhead,469,475,0.15,368968.87
epc_overhead,469,478,0.15,527098.39
epc_overhead,47,47,0.15,52709.84
epc_overhead,470,472,0.15,777.82
epc_overhead,470,473,0.15,2074.18
epc_overhead,470,474,0.15,1296.36
epc_overhead,471,475,0.15,1296.36
epc_overhead,472,474,0.15,1555.64
epc_overhead,472,478,0.15,368968.87
epc_overhead,473,475,0.15,777.82
epc_overhead,473,482,0.15,55300.41
epc_overhead,474,477,0.15,2074.18
epc_overhead,475,477,0.15,1555.64
epc_overhead,475,479,0.15,1296.36
epc_overhead,475,481,0.15,368968.87
epc_overhead,475,484,0.15,310435.92
epc_overhead,476,477,0.15,105419.68
epc_overhead,476,478,0.15,777.82
epc_overhead,476,480,0.15,28946.57
epc_overhead,478,480,0.15,1555.64
epc_overhead,478,481,0.15,2074.18
epc_overhead,478,486,0.15,474388.55
epc_overhead,479,480,0.15,105419.68
epc_overhead,479,481,0.15,777.82
epc_overhead,479,494,0.15,843357.42
epc_overhead,48,59,0.15,632518.06
epc_overhead,48,61,0.15,434610.30
epc_overhead,480,484,0.15,1296.36
epc_overhead,481,483,0.15,1555.64
epc_overhead,481,485,0.15,1296.36
epc_overhead,481,488,0.15,421678.71
epc_overhead,481,490,0.15,55300.41
epc_overhead,481,555,0.15,53596.61
epc_overhead,482,485,0.15,2074.18
epc_overhead,482,490,0.15,219621.36
epc_overhead,482,494,0.15,685227.9
epc_overhead,482,495,0.15,434610.30
epc_overhead,483,487,0.15,27650.21
epc_overhead,484,486,0.15,1555.64
epc_overhead,485,489,0.15,1296.36
epc_overhead,485,494,0.15,310435.92
epc_overhead,486,489,0.15,2074.18
epc_overhead,486,490,0.15,1296.36
epc_overhead,487,488,0.15,105419.68
epc_overhead,487,489,0.15,1555.64
epc_overhead,488,497,0.15,55300.41
epc_overhead,489,490,0.15,105419.68
epc_overhead,489,497,0.15,474388.55
epc_overhead,490,492,0.15,777.82
epc_overhead,490,493,0.15,2074.18
epc_overhead,490,494,0.15,1296.36
epc_overhead,491,495,0.15,28946.57
epc_overhead,491,496,0.15,316259.03
epc_overhead,491,508,0.15,439242.71
epc_overhead,493,495,0.15,777.82
epc_overhead,494,497,0.15,2074.18
epc_overhead,495,498,0.15,1037.09
epc_overhead,495,504,0.15,1364632.70
epc_overhead,496,498,0.15,1555.64
epc_overhead,496,500,0.15,1296.36
epc_overhead,496,505,0.15,55300.41
epc_overhead,496,509,0.15,434610.30
epc_overhead,497,499,0.15,158129.52
epc_overhead,498,498,0.15,52709.84
epc_overhead,498,501,0.15,2074.18
epc_overhead,498,502,0.15,27650.21
epc_overhead,499,500,0.15,105419.68
epc_overhead,499,501,0.15,2333.46
epc_overhead,499,503,0.15,1296.36
epc_overhead,5,22,0.15,439242.71
epc_overhead,5,5,0.15,52709.84
epc_overhead,50,58,0.15,219621.36
epc_overhead,500,501,0.15,105419.68
epc_overhead,501,505,0.15,1296.36
epc_overhead,501,511,0.15,579808.22
epc_overhead,502,504,0.15,777.82
epc_overhead,502,505,0.15,2074.18
epc_overhead,502,510,0.15,474388.55
epc_overhead,503,512,0.15,55300.41
epc_overhead,504,508,0.15,1296.36
epc_overhead,505,507,0.15,777.82
epc_overhead,505,511,0.15,368968.87
epc_overhead,505,514,0.15,310435.92
epc_overhead,505,518,0.15,737937.74
epc_overhead,506,509,0.15,2074.18
epc_overhead,506,510,0.15,28946.57
epc_overhead,508,510,0.15,777.82
epc_overhead,509,511,0.15,777.82
epc_overhead,509,513,0.15,1296.36
epc_overhead,509,526,0.15,439242.71
epc_overhead,510,513,0.15,2074.18
epc_overhead,510,523,0.15,434610.30
epc_overhead,511,512,0.15,105419.68
epc_overhead,511,513,0.15,1555.64
epc_overhead,511,515,0.15,1296.36
epc_overhead,511,520,0.15,55300.41
epc_overhead,512,514,0.15,158907.34
epc_overhead,512,518,0.15,368968.87
epc_overhead,513,517,0.15,27650.21
epc_overhead,513,518,0.15,316259.03
epc_overhead,514,517,0.15,2074.18
epc_overhead,514,518,0.15,1296.36
epc_overhead,515,517,0.15,1555.64
epc_overhead,515,524,0.15,310435.92
epc_overhead,515,527,0.15,685227.9
epc_overhead,516,520,0.15,1296.36
epc_overhead,518,521,0.15,2074.18
epc_overhead,518,527,0.15,55300.41
epc_overhead,519,521,0.15,158907.34
epc_overhead,519,523,0.15,1296.36
epc_overhead,519,526,0.15,421678.71
epc_overhead,519,533,0.15,790647.58
epc_overhead,521,525,0.15,28946.57
epc_overhead,522,525,0.15,2074.18
epc_overhead,522,535,0.15,737937.74
epc_overhead,523,525,0.15,777.82
epc_overhead,524,528,0.15,1296.36
epc_overhead,524,537,0.15,434610.30
epc_overhead,525,534,0.15,310435.92
epc_overhead,526,528,0.15,777.82
epc_overhead,526,529,0.15,2074.18
epc_overhead,526,530,0.15,1296.36
epc_overhead,526,535,0.15,55300.41
epc_overhead,527,532,0.15,316259.03
epc_overhead,527,544,0.15,439242.71
epc_overhead,528,529,0.15,105419.68
epc_overhead,528,530,0.15,777.82
epc_overhead,528,532,0.15,27650.21
epc_overhead,529,531,0.15,777.82
epc_overhead,529,532,0.15,1037.09
epc_overhead,53,62,0.15,55300.41
epc_overhead,530,532,0.15,777.82
epc_overhead,530,533,0.15,3111.27
epc_overhead,530,538,0.15,474388.55
epc_overhead,531,533,0.15,777.82
epc_overhead,531,534,0.15,1037.09
epc_overhead,532,534,0.15,777.82
epc_overhead,533,534,0.15,105419.68
epc_overhead,533,535,0.15,777.82
epc_overhead,533,537,0.15,1296.36
epc_overhead,533,542,0.15,55300.41
epc_overhead,534,537,0.15,3111.27
epc_overhead,534,541,0.15,421678.71
epc_overhead,535,537,0.15,777.82
epc_overhead,535,539,0.15,1296.36
epc_overhead,535,544,0.15,310435.92
epc_overhead,535,545,0.15,579808.22
epc_overhead,536,538,0.15,158907.34
epc_overhead,536,540,0.15,27650.21
epc_overhead,538,541,0.15,3111.27
epc_overhead,538,542,0.15,1296.36
epc_overhead,538,551,0.15,434610.30
epc_overhead,539,540,0.15,105419.68
epc_overhead,539,541,0.15,1555.64
epc_overhead,539,549,0.15,579808.22
epc_overhead,540,544,0.15,1296.36
epc_overhead,541,549,0.15,474388.55
epc_overhead,541,550,0.15,55300.41
epc_overhead,542,545,0.15,213950.62
epc_overhead,543,545,0.15,1555.64
epc_overhead,543,547,0.15,28946.57
epc_overhead,544,546,0.15,777.82
epc_overhead,545,548,0.15,1037.09
epc_overhead,545,554,0.15,310435.92
epc_overhead,545,562,0.15,439242.71
epc_overhead,546,549,0.15,3111.27
epc_overhead,546,552,0.15,368968.87
epc_overhead,546,558,0.15,685227.9
epc_overhead,547,549,0.15,1555.64
epc_overhead,548,552,0.15,1296.36
epc_overhead,548,557,0.15,55300.41
epc_overhead,549,553,0.15,1296.36
epc_overhead,550,550,0.15,52709.84
epc_overhead,550,552,0.15,158129.52
epc_overhead,550,553,0.15,3111.27
epc_overhead,551,552,0.15,105419.68
epc_overhead,551,555,0.15,27650.21
epc_overhead,552,565,0.15,434610.30
epc_overhead,553,555,0.15,158129.52
epc_overhead,553,557,0.15,1296.36
epc_overhead,553,564,0.15,632518.06
epc_overhead,553,566,0.15,737937.74
epc_overhead,554,557,0.15,3111.27
epc_overhead,554,558,0.15,1296.36
epc_overhead,555,564,0.15,310435.92
epc_overhead,556,559,0.15,14292.45
epc_overhead,556,565,0.15,55300.41
epc_overhead,556,570,0.15,790647.58
epc_overhead,558,561,0.15,4148.36
epc_overhead,558,562,0.15,27650.21
epc_overhead,559,561,0.15,777.82
epc_overhead,559,563,0.15,1296.36
epc_overhead,559,567,0.15,474388.55
epc_overhead,560,562,0.15,777.82
epc_overhead,560,563,0.15,14292.45
epc_overhead,560,588,0.15,103620.10
epc_overhead,562,565,0.15,3111.27
epc_overhead,562,566,0.15,1296.36
epc_overhead,563,565,0.15,1555.64
epc_overhead,563,572,0.15,55300.41
epc_overhead,563,580,0.15,439242.71
epc_overhead,564,567,0.15,14292.45
epc_overhead,564,568,0.15,1296.36
epc_overhead,564,592,0.15,103620.10
epc_overhead,565,565,0.15,52709.84
epc_overhead,565,574,0.15,310435.92
epc_overhead,566,569,0.15,3111.27
epc_overhead,566,570,0.15,291199.40
epc_overhead,566,579,0.15,434610.30
epc_overhead,567,568,0.15,105419.68
epc_overhead,567,569,0.15,777.82
epc_overhead,567,571,0.15,1296.36
epc_overhead,568,571,0.15,14292.45
epc_overhead,568,576,0.15,474388.55
epc_overhead,568,596,0.15,103620.10
epc_overhead,569,572,0.15,1037.09
epc_overhead,569,577,0.15,474388.55
epc_overhead,570,573,0.15,3111.27
epc_overhead,571,572,0.15,105419.68
epc_overhead,571,573,0.15,158907.34
epc_overhead,571,580,0.15,55300.41
epc_overhead,572,575,0.15,15329.54
epc_overhead,572,600,0.15,103620.10
epc_overhead,573,577,0.15,28946.57
epc_overhead,573,582,0.15,527098.39
epc_overhead,574,577,0.15,3111.27
epc_overhead,574,586,0.15,685227.9
epc_overhead,575,584,0.15,310435.92
epc_overhead,576,579,0.15,14292.45
epc_overhead,576,580,0.15,1296.36
epc_overhead,576,604,0.15,103620.10
epc_overhead,577,578,0.15,105419.68
epc_overhead,578,581,0.15,3111.27
epc_overhead,578,582,0.15,1296.36
epc_overhead,578,586,0.15,474388.55
epc_overhead,578,587,0.15,55300.41
epc_overhead,579,581,0.15,777.82
epc_overhead,579,590,0.15,632518.06
epc_overhead,580,583,0.15,14292.45
epc_overhead,580,593,0.15,434610.30
epc_overhead,580,608,0.15,103620.10
epc_overhead,581,585,0.15,28946.57
epc_overhead,581,598,0.15,439242.71
epc_overhead,582,585,0.15,3111.27
epc_overhead,583,583,0.15,52709.84
epc_overhead,583,587,0.15,1296.36
epc_overhead,584,584,0.15,52709.84
epc_overhead,584,587,0.15,14292.45
epc_overhead,584,612,0.15,20724.02
epc_overhead,585,587,0.15,158129.52
epc_overhead,585,594,0.15,310435.92
epc_overhead,586,589,0.15,3111.27
epc_overhead,586,590,0.15,1296.36
epc_overhead,586,595,0.15,55300.41
epc_overhead,587,588,0.15,105419.68
epc_overhead,587,589,0.15,777.82
epc_overhead,587,595,0.15,474388.55
epc_overhead,588,590,0.15,777.82
epc_overhead,588,591,0.15,14292.45
epc_overhead,588,592,0.15,28946.57
epc_overhead,588,598,0.15,579808.22
epc_overhead,589,597,0.15,474388.55
epc_overhead,589,600,0.15,42877.30
epc_overhead,589,617,0.15,103620.10
epc_overhead,59,59,0.15,52709.84
epc_overhead,59,76,0.15,439242.71
epc_overhead,590,593,0.15,3111.27
epc_overhead,591,593,0.15,777.82
epc_overhead,591,595,0.15,1296.36
epc_overhead,591,600,0.15,527098.39
epc_overhead,592,594,0.15,777.82
epc_overhead,592,595,0.15,14292.45
epc_overhead,593,597,0.15,1296.36
epc_overhead,593,602,0.15,55300.41
epc_overhead,593,604,0.15,42877.30
epc_overhead,593,621,0.15,103620.10
epc_overhead,594,597,0.15,3111.27
epc_overhead,594,607,0.15,434610.30
epc_overhead,595,597,0.15,777.82
epc_overhead,595,604,0.15,310435.92
epc_overhead,596,599,0.15,14292.45
epc_overhead,596,600,0.15,28946.57
epc_overhead,596,601,0.15,316259.03
epc_overhead,597,608,0.15,25726.38
epc_overhead,597,625,0.15,103620.10
epc_overhead,598,599,0.15,105419.68
epc_overhead,598,601,0.15,3111.27
epc_overhead,598,602,0.15,1296.36
epc_overhead,599,600,0.15,105419.68
epc_overhead,599,601,0.15,777.82
epc_overhead,599,616,0.15,439242.71
epc_overhead,6,19,0.15,434610.30
epc_overhead,60,61,0.15,210839.36
epc_overhead,600,603,0.15,14292.45
epc_overhead,600,608,0.15,474388.55
epc_overhead,601,601,0.15,52709.84
epc_overhead,601,603,0.15,8575.44
epc_overhead,601,605,0.15,1296.36
epc_overhead,601,608,0.15,421678.71
epc_overhead,601,610,0.15,55300.41
epc_overhead,601,612,0.15,42877.30
epc_overhead,601,629,0.15,103620.10
epc_overhead,602,605,0.15,3111.27
epc_overhead,602,612,0.15,579808.22
epc_overhead,602,615,0.15,737937.74
epc_overhead,603,607,0.15,28946.57
epc_overhead,604,606,0.15,2143.86
epc_overhead,604,607,0.15,14292.45
epc_overhead,604,627,0.15,68603.68
epc_overhead,605,607,0.15,6431.58
epc_overhead,605,614,0.15,310435.92
epc_overhead,605,616,0.15,42877.30
epc_overhead,605,633,0.15,103620.10
epc_overhead,606,609,0.15,4148.36
epc_overhead,607,609,0.15,2143.86
epc_overhead,607,630,0.15,17150.92
epc_overhead,608,610,0.15,2143.86
epc_overhead,608,611,0.15,14292.45
epc_overhead,608,612,0.15,1296.36
epc_overhead,608,617,0.15,55300.41
epc_overhead,608,621,0.15,434610.30
epc_overhead,608,631,0.15,51452.76
epc_overhead,609,610,0.15,210839.36
epc_overhead,609,611,0.15,4287.72
epc_overhead,609,620,0.15,25726.38
epc_overhead,609,637,0.15,103620.10
epc_overhead,61,70,0.15,55300.41
epc_overhead,610,612,0.15,2143.86
epc_overhead,610,613,0.15,4148.36
epc_overhead,610,633,0.15,17150.92
epc_overhead,611,613,0.15,777.82
epc_overhead,611,615,0.15,27650.21
epc_overhead,611,618,0.15,421678.71
epc_overhead,611,619,0.15,474388.55
epc_overhead,611,634,0.15,17150.92
epc_overhead,612,615,0.15,14292.45
epc_overhead,612,635,0.15,34301.84
epc_overhead,613,615,0.15,9353.26
epc_overhead,613,616,0.15,1037.09
epc_overhead,613,620,0.15,421678.71
epc_overhead,613,624,0.15,42877.30
epc_overhead,613,636,0.15,17150.92
epc_overhead,613,641,0.15,20724.02
epc_overhead,614,617,0.15,3111.27
epc_overhead,614,618,0.15,1296.36
epc_overhead,615,617,0.15,777.82
epc_overhead,615,624,0.15,310435.92
epc_overhead,616,618,0.15,2921.68
epc_overhead,616,619,0.15,14292.45
epc_overhead,616,625,0.15,55300.41
epc_overhead,616,626,0.15,579808.22
epc_overhead,616,639,0.15,68603.68
epc_overhead,617,619,0.15,6431.58
epc_overhead,617,621,0.15,1296.36
epc_overhead,617,634,0.15,439242.71
epc_overhead,618,621,0.15,3111.27
epc_overhead,618,622,0.15,27650.21
epc_overhead,618,629,0.15,42877.30
epc_overhead,618,646,0.15,103620.10
epc_overhead,619,620,0.15,105419.68
epc_overhead,619,621,0.15,2921.68
epc_overhead,619,622,0.15,1037.09
epc_overhead,619,642,0.15,17150.92
epc_overhead,62,75,0.15,434610.30
epc_overhead,620,622,0.15,160273.38
epc_overhead,620,623,0.15,14292.45
epc_overhead,620,643,0.15,51452.76
epc_overhead,621,623,0.15,4287.72
epc_overhead,621,628,0.15,843357.42
epc_overhead,622,624,0.15,2143.86
epc_overhead,622,625,0.15,3111.27
epc_overhead,622,626,0.15,1296.36
epc_overhead,622,633,0.15,25726.38
epc_overhead,622,635,0.15,434610.30
epc_overhead,622,645,0.15,17150.92
epc_overhead,622,650,0.15,103620.10
epc_overhead,623,625,0.15,777.82
epc_overhead,623,626,0.15,1037.09
epc_overhead,623,632,0.15,55300.41
epc_overhead,623,636,0.15,737937.74
epc_overhead,623,646,0.15,17150.92
epc_overhead,624,626,0.15,777.82
epc_overhead,624,627,0.15,14292.45
epc_overhead,624,647,0.15,34301.84
epc_overhead,625,627,0.15,8575.44
epc_overhead,625,634,0.15,310435.92
epc_overhead,625,636,0.15,17150.92
epc_overhead,625,648,0.15,17150.92
epc_overhead,626,629,0.15,3111.27
epc_overhead,626,630,0.15,27650.21
epc_overhead,626,637,0.15,25726.38
epc_overhead,626,654,0.15,103620.10
epc_overhead,627,629,0.15,1555.64
epc_overhead,627,630,0.15,1037.09
epc_overhead,627,631,0.15,264845.55
epc_overhead,628,630,0.15,2143.86
epc_overhead,628,631,0.15,14292.45
epc_overhead,628,646,0.15,54311.24
epc_overhead,628,651,0.15,68603.68
epc_overhead,629,636,0.15,421678.71
epc_overhead,63,67,0.15,27650.21
epc_overhead,630,632,0.15,6431.58
epc_overhead,630,633,0.15,3111.27
epc_overhead,630,641,0.15,42877.30
epc_overhead,630,658,0.15,103620.10
epc_overhead,631,633,0.15,2921.68
epc_overhead,631,634,0.15,1037.09
epc_overhead,631,640,0.15,55300.41
epc_overhead,631,649,0.15,13577.81
epc_overhead,631,654,0.15,17150.92
epc_overhead,632,635,0.15,14292.45
epc_overhead,632,636,0.15,1296.36
epc_overhead,632,646,0.15,790647.58
epc_overhead,632,650,0.15,40733.43
epc_overhead,633,635,0.15,2143.86
epc_overhead,633,637,0.15,27650.21
epc_overhead,633,656,0.15,51452.76
epc_overhead,634,636,0.15,6431.58
epc_overhead,634,637,0.15,3111.27
epc_overhead,634,645,0.15,25726.38
epc_overhead,634,652,0.15,13577.81
epc_overhead,634,657,0.15,17150.92
epc_overhead,634,662,0.15,103620.10
epc_overhead,635,637,0.15,777.82
epc_overhead,635,638,0.15,1037.09
epc_overhead,635,644,0.15,310435.92
epc_overhead,635,652,0.15,439242.71
epc_overhead,635,653,0.15,13577.81
epc_overhead,636,639,0.15,14292.45
epc_overhead,636,649,0.15,434610.30
epc_overhead,636,654,0.15,27155.62
epc_overhead,636,659,0.15,17150.92
epc_overhead,637,639,0.15,4287.72
epc_overhead,637,641,0.15,1296.36
epc_overhead,637,648,0.15,17150.92
epc_overhead,637,650,0.15,737937.74
epc_overhead,637,655,0.15,13577.81
epc_overhead,637,660,0.15,51452.76
epc_overhead,638,640,0.15,4287.72
epc_overhead,638,641,0.15,3111.27
epc_overhead,638,647,0.15,55300.41
epc_overhead,638,649,0.15,25726.38
epc_overhead,638,666,0.15,103620.10
epc_overhead,639,642,0.15,1037.09
epc_overhead,640,642,0.15,2143.86
epc_overhead,640,643,0.15,14292.45
epc_overhead,640,658,0.15,54311.24
epc_overhead,640,663,0.15,34301.84
epc_overhead,641,645,0.15,27650.21
epc_overhead,641,664,0.15,34301.84
epc_overhead,642,644,0.15,6431.58
epc_overhead,642,645,0.15,4148.36
epc_overhead,642,653,0.15,42877.30
epc_overhead,642,670,0.15,20724.02
epc_overhead,643,645,0.15,3699.50
epc_overhead,643,646,0.15,1037.09
epc_overhead,643,661,0.15,13577.81
epc_overhead,643,666,0.15,17150.92
epc_overhead,644,647,0.15,14292.45
epc_overhead,644,662,0.15,40733.43
epc_overhead,645,647,0.15,2143.86
epc_overhead,645,654,0.15,310435.92
epc_overhead,645,668,0.15,51452.76
epc_overhead,646,648,0.15,6431.58
epc_overhead,646,649,0.15,4148.36
epc_overhead,646,655,0.15,55300.41
epc_overhead,646,669,0.15,17150.92
epc_overhead,647,650,0.15,1037.09
epc_overhead,647,658,0.15,25726.38
epc_overhead,647,661,0.15,42877.28
epc_overhead,647,665,0.15,27155.62
epc_overhead,647,675,0.15,103620.10
epc_overhead,648,651,0.15,14292.45
epc_overhead,648,652,0.15,27650.21
epc_overhead,648,666,0.15,27155.62
epc_overhead,648,671,0.15,17150.92
epc_overhead,649,651,0.15,4287.72
epc_overhead,649,660,0.15,17150.92
epc_overhead,649,672,0.15,51452.76
epc_overhead,650,652,0.15,5065.54
epc_overhead,650,663,0.15,434610.30
epc_overhead,650,664,0.15,10719.32
epc_overhead,650,668,0.15,13577.81
epc_overhead,651,654,0.15,2074.18
epc_overhead,651,662,0.15,25726.38
epc_overhead,651,665,0.15,32157.96
epc_overhead,651,679,0.15,103620.10
epc_overhead,652,654,0.15,2143.86
epc_overhead,652,655,0.15,14292.45
epc_overhead,652,670,0.15,40733.43
epc_overhead,652,675,0.15,34301.84
epc_overhead,653,656,0.15,1037.09
epc_overhead,653,662,0.15,55300.41
epc_overhead,653,667,0.15,10719.32
epc_overhead,653,670,0.15,439242.71
epc_overhead,653,671,0.15,13577.81
epc_overhead,653,676,0.15,34301.84
epc_overhead,654,656,0.15,6431.58
epc_overhead,654,665,0.15,17150.92
epc_overhead,654,668,0.15,10719.32
epc_overhead,655,657,0.15,2143.86
epc_overhead,655,658,0.15,2074.18
epc_overhead,655,664,0.15,310435.92
epc_overhead,655,666,0.15,25726.38
epc_overhead,655,669,0.15,21438.64
epc_overhead,655,673,0.15,13577.81
epc_overhead,655,678,0.15,17150.92
epc_overhead,655,683,0.15,103620.10
epc_overhead,656,659,0.15,14292.45
epc_overhead,656,660,0.15,27650.21
epc_overhead,656,670,0.15,10719.32
epc_overhead,657,659,0.15,2143.86
epc_overhead,657,660,0.15,1037.09
epc_overhead,657,675,0.15,40733.43
epc_overhead,657,680,0.15,51452.76
epc_overhead,658,660,0.15,777.82
epc_overhead,658,681,0.15,17150.92
epc_overhead,659,661,0.15,6431.58
epc_overhead,659,662,0.15,2074.18
epc_overhead,659,670,0.15,25726.38
epc_overhead,659,673,0.15,32157.96
epc_overhead,659,677,0.15,13577.81
epc_overhead,659,687,0.15,103620.10
epc_overhead,660,663,0.15,14292.45
epc_overhead,660,678,0.15,13577.81
epc_overhead,660,683,0.15,17150.92
epc_overhead,661,663,0.15,2143.86
epc_overhead,661,664,0.15,2074.18
epc_overhead,661,670,0.15,55300.41
epc_overhead,661,672,0.15,17150.92
epc_overhead,661,679,0.15,27155.62
epc_overhead,662,664,0.15,2921.68
epc_overhead,662,676,0.15,21438.64
epc_overhead,662,680,0.15,13577.81
epc_overhead,662,685,0.15,51452.76
epc_overhead,663,665,0.15,4287.72
epc_overhead,663,666,0.15,2074.18
epc_overhead,663,667,0.15,27650.21
epc_overhead,663,674,0.15,25726.38
epc_overhead,663,677,0.15,21438.64
epc_overhead,663,691,0.15,103620.10
epc_overhead,664,666,0.15,2143.86
epc_overhead,664,667,0.15,14292.45
epc_overhead,664,677,0.15,434610.30
epc_overhead,664,682,0.15,27155.62
epc_overhead,664,687,0.15,17150.92
epc_overhead,665,668,0.15,2074.18
epc_overhead,665,674,0.15,310435.92
epc_overhead,665,679,0.15,10719.32
epc_overhead,665,683,0.15,13577.81
epc_overhead,665,688,0.15,17150.92
epc_overhead,666,668,0.15,5065.54
epc_overhead,666,677,0.15,17150.92
epc_overhead,666,680,0.15,21438.64
epc_overhead,666,684,0.15,13577.81
epc_overhead,666,689,0.15,34301.84
epc_overhead,667,669,0.15,4287.72
epc_overhead,667,670,0.15,2074.18
epc_overhead,667,678,0.15,25726.38
epc_overhead,667,681,0.15,10719.32
epc_overhead,667,685,0.15,13577.81
epc_overhead,667,690,0.15,17150.92
epc_overhead,667,695,0.15,103620.10
epc_overhead,668,671,0.15,14292.45
epc_overhead,668,677,0.15,55300.41
epc_overhead,668,682,0.15,10719.32
epc_overhead,669,671,0.15,2143.86
epc_overhead,669,672,0.15,3111.27
epc_overhead,669,683,0.15,10719.32
epc_overhead,669,687,0.15,40733.43
epc_overhead,669,692,0.15,34301.84
epc_overhead,67,72,0.15,316259.03
epc_overhead,67,73,0.15,368968.87
epc_overhead,670,672,0.15,777.82
epc_overhead,670,693,0.15,34301.84
epc_overhead,671,673,0.15,7209.40
epc_overhead,671,674,0.15,2074.18
epc_overhead,671,675,0.15,27650.21
epc_overhead,671,682,0.15,25726.38
epc_overhead,671,685,0.15,32157.96
epc_overhead,671,688,0.15,439242.71
epc_overhead,671,689,0.15,13577.81
epc_overhead,671,699,0.15,20724.02
epc_overhead,672,675,0.15,14292.45
epc_overhead,672,690,0.15,13577.81
epc_overhead,672,695,0.15,17150.92
epc_overhead,673,675,0.15,2143.86
epc_overhead,673,676,0.15,3111.27
epc_overhead,673,684,0.15,17150.92
epc_overhead,673,691,0.15,27155.62
epc_overhead,674,676,0.15,3699.50
epc_overhead,674,688,0.15,21438.64
epc_overhead,674,692,0.15,13577.81
epc_overhead,674,697,0.15,51452.76
epc_overhead,675,677,0.15,4287.72
epc_overhead,675,678,0.15,2074.18
epc_overhead,675,684,0.15,310435.92
epc_overhead,676,678,0.15,2143.86
epc_overhead,676,679,0.15,14292.45
epc_overhead,676,685,0.15,55300.41
epc_overhead,676,687,0.15,25726.38
epc_overhead,676,690,0.15,10719.32
epc_overhead,676,694,0.15,27155.62
epc_overhead,676,699,0.15,17150.92
epc_overhead,676,704,0.15,103620.10
epc_overhead,677,680,0.15,3111.27
epc_overhead,677,691,0.15,21438.64
epc_overhead,677,695,0.15,13577.81
epc_overhead,677,700,0.15,17150.92
epc_overhead,678,680,0.15,5065.54
epc_overhead,678,682,0.15,27650.21
epc_overhead,678,689,0.15,17150.92
epc_overhead,678,691,0.15,434610.30
epc_overhead,678,692,0.15,10719.32
epc_overhead,678,696,0.15,13577.81
epc_overhead,678,701,0.15,34301.84
epc_overhead,679,681,0.15,4287.72
epc_overhead,679,682,0.15,2074.18
epc_overhead,679,693,0.15,10719.32
epc_overhead,679,697,0.15,13577.81
epc_overhead,679,702,0.15,17150.92
epc_overhead,68,77,0.15,55300.41
epc_overhead,680,683,0.15,14292.45
epc_overhead,680,691,0.15,25726.38
epc_overhead,680,694,0.15,10719.32
epc_overhead,680,708,0.15,103620.10
epc_overhead,681,683,0.15,2143.86
epc_overhead,681,684,0.15,3111.27
epc_overhead,681,695,0.15,21438.64
epc_overhead,681,699,0.15,40733.43
epc_overhead,681,704,0.15,34301.84
epc_overhead,682,705,0.15,34301.84
epc_overhead,683,685,0.15,6431.58
epc_overhead,683,686,0.15,2074.18
epc_overhead,683,692,0.15,55300.41
epc_overhead,683,694,0.15,17150.92
epc_overhead,683,697,0.15,21438.64
epc_overhead,683,701,0.15,13577.81
epc_overhead,684,687,0.15,14292.45
epc_overhead,684,695,0.15,8575.46
epc_overhead,684,698,0.15,10719.32
epc_overhead,684,702,0.15,13577.81
epc_overhead,684,707,0.15,17150.92
epc_overhead,684,712,0.15,103620.10
epc_overhead,685,687,0.15,2143.86
epc_overhead,685,696,0.15,17150.92
epc_overhead,686,688,0.15,2143.86
epc_overhead,686,690,0.15,27650.21
epc_overhead,686,700,0.15,21438.64
epc_overhead,686,704,0.15,40733.43
epc_overhead,686,709,0.15,51452.76
epc_overhead,687,690,0.15,2074.18
epc_overhead,688,690,0.15,6431.58
epc_overhead,688,691,0.15,14292.45
epc_overhead,688,699,0.15,25726.38
epc_overhead,688,702,0.15,10719.32
epc_overhead,688,706,0.15,13577.81
epc_overhead,688,711,0.15,17150.92
epc_overhead,688,716,0.15,103620.10
epc_overhead,689,703,0.15,21438.64
epc_overhead,689,706,0.15,439242.71
epc_overhead,689,707,0.15,13577.81
epc_overhead,689,712,0.15,17150.92
epc_overhead,690,691,0.15,105419.68
epc_overhead,690,692,0.15,2143.86
epc_overhead,690,701,0.15,17150.92
epc_overhead,690,708,0.15,27155.62
epc_overhead,691,693,0.15,2143.86
epc_overhead,691,694,0.15,2074.18
epc_overhead,691,700,0.15,55300.41
epc_overhead,691,705,0.15,10719.32
epc_overhead,691,709,0.15,13577.81
epc_overhead,691,714,0.15,51452.76
epc_overhead,692,694,0.15,4287.72
epc_overhead,692,695,0.15,14292.45
epc_overhead,692,703,0.15,25726.38
epc_overhead,692,705,0.15,434610.30
epc_overhead,692,706,0.15,21438.64
epc_overhead,692,720,0.15,103620.10
epc_overhead,693,695,0.15,2143.86
epc_overhead,693,697,0.15,27650.21
epc_overhead,693,707,0.15,10719.32
epc_overhead,693,711,0.15,27155.62
epc_overhead,693,716,0.15,17150.92
epc_overhead,694,708,0.15,10719.32
epc_overhead,694,712,0.15,13577.81
epc_overhead,694,717,0.15,17150.92
epc_overhead,695,697,0.15,4287.72
epc_overhead,695,698,0.15,2074.18
epc_overhead,695,706,0.15,17150.92
epc_overhead,695,709,0.15,10719.32
epc_overhead,695,713,0.15,13577.81
epc_overhead,695,718,0.15,34301.84
epc_overhead,696,698,0.15,2143.86
epc_overhead,696,699,0.15,14292.45
epc_overhead,696,703,0.15,421678.71
epc_overhead,696,707,0.15,8575.46
epc_overhead,696,710,0.15,21438.64
epc_overhead,696,714,0.15,13577.81
epc_overhead,696,719,0.15,17150.92
epc_overhead,696,724,0.15,103620.10
epc_overhead,697,699,0.15,2143.86
epc_overhead,697,708,0.15,17150.92
epc_overhead,698,700,0.15,2143.86
epc_overhead,698,707,0.15,55300.41
epc_overhead,698,712,0.15,21438.64
epc_overhead,698,716,0.15,40733.43
epc_overhead,698,721,0.15,34301.84
epc_overhead,699,702,0.15,2074.18
epc_overhead,699,722,0.15,17150.92
epc_overhead,700,702,0.15,6431.58
epc_overhead,700,703,0.15,14292.45
epc_overhead,700,711,0.15,25726.38
epc_overhead,700,714,0.15,10719.32
epc_overhead,700,718,0.15,13577.81
epc_overhead,700,723,0.15,17150.92
epc_overhead,700,728,0.15,20724.02
epc_overhead,701,705,0.15,27650.21
epc_overhead,701,715,0.15,21438.64
epc_overhead,701,719,0.15,13577.81
epc_overhead,701,724,0.15,17150.92
epc_overhead,702,704,0.15,2143.86
epc_overhead,702,713,0.15,17150.92
epc_overhead,702,720,0.15,27155.62
epc_overhead,703,705,0.15,2143.86
epc_overhead,703,706,0.15,2074.18
epc_overhead,703,717,0.15,10719.32
epc_overhead,703,721,0.15,13577.81
epc_overhead,703,726,0.15,51452.76
epc_overhead,704,705,0.15,210839.36
epc_overhead,704,706,0.15,4287.72
epc_overhead,704,707,0.15,14292.45
epc_overhead,704,713,0.15,155217.96
epc_overhead,704,718,0.15,10719.32
epc_overhead,705,707,0.15,2143.86
epc_overhead,705,716,0.15,25726.38
epc_overhead,705,719,0.15,10719.32
epc_overhead,705,723,0.15,27155.62
epc_overhead,705,728,0.15,17150.92
epc_overhead,705,733,0.15,103620.10
epc_overhead,706,715,0.15,55300.41
epc_overhead,706,719,0.15,434610.30
epc_overhead,706,720,0.15,10719.32
epc_overhead,706,724,0.15,13577.81
epc_overhead,706,729,0.15,17150.92
epc_overhead,707,709,0.15,4287.72
epc_overhead,707,710,0.15,2074.18
epc_overhead,707,718,0.15,17150.92
epc_overhead,707,721,0.15,21438.64
epc_overhead,707,724,0.15,439242.71
epc_overhead,707,725,0.15,13577.81
epc_overhead,707,730,0.15,34301.84
epc_overhead,708,710,0.15,2143.86
epc_overhead,708,711,0.15,14292.45
epc_overhead,708,712,0.15,27650.21
epc_overhead,708,717,0.15,155217.96
epc_overhead,708,722,0.15,10719.32
epc_overhead,708,726,0.15,13577.81
epc_overhead,708,731,0.15,17150.92
epc_overhead,709,711,0.15,2143.86
epc_overhead,709,720,0.15,25726.38
epc_overhead,709,723,0.15,10719.32
epc_overhead,709,737,0.15,103620.10
epc_overhead,71,75,0.15,27650.21
epc_overhead,710,712,0.15,2143.86
epc_overhead,710,717,0.15,843357.42
epc_overhead,710,724,0.15,10719.32
epc_overhead,710,728,0.15,40733.43
epc_overhead,710,733,0.15,34301.84
epc_overhead,711,714,0.15,2074.18
epc_overhead,711,725,0.15,10719.32
epc_overhead,711,734,0.15,17150.92
epc_overhead,712,714,0.15,6431.58
epc_overhead,712,715,0.15,14292.45
epc_overhead,712,723,0.15,17150.92
epc_overhead,712,726,0.15,10719.32
epc_overhead,712,730,0.15,13577.81
epc_overhead,712,735,0.15,17150.92
epc_overhead,713,722,0.15,55300.41
epc_overhead,713,724,0.15,8575.46
epc_overhead,713,727,0.15,21438.64
epc_overhead,713,731,0.15,13577.81
epc_overhead,713,736,0.15,17150.92
epc_overhead,713,741,0.15,103620.10
epc_overhead,714,716,0.15,2143.86
epc_overhead,714,723,0.15,155217.96
epc_overhead,714,725,0.15,17150.92
epc_overhead,715,717,0.15,2143.86
epc_overhead,715,718,0.15,2074.18
epc_overhead,715,729,0.15,10719.32
epc_overhead,715,733,0.15,40733.43
epc_overhead,715,738,0.15,51452.76
epc_overhead,716,719,0.15,14292.45
epc_overhead,716,720,0.15,27650.21
epc_overhead,716,730,0.15,10719.32
epc_overhead,717,719,0.15,6431.58
epc_overhead,717,728,0.15,25726.38
epc_overhead,717,731,0.15,10719.32
epc_overhead,717,735,0.15,13577.81
epc_overhead,717,740,0.15,17150.92
epc_overhead,717,745,0.15,103620.10
epc_overhead,718,719,0.15,210839.36
epc_overhead,718,727,0.15,155217.96
epc_overhead,718,732,0.15,10719.32
epc_overhead,718,736,0.15,13577.81
epc_overhead,718,741,0.15,17150.92
epc_overhead,719,721,0.15,2143.86
epc_overhead,719,722,0.15,2074.18
epc_overhead,719,730,0.15,17150.92
epc_overhead,719,733,0.15,10719.32
epc_overhead,719,737,0.15,27155.62
epc_overhead,720,722,0.15,2143.86
epc_overhead,720,723,0.15,14292.45
epc_overhead,720,733,0.15,434610.30
epc_overhead,720,734,0.15,10719.32
epc_overhead,720,738,0.15,13577.81
epc_overhead,720,743,0.15,51452.76
epc_overhead,721,723,0.15,4287.72
epc_overhead,721,730,0.15,55300.41
epc_overhead,721,732,0.15,25726.38
epc_overhead,721,735,0.15,10719.32
epc_overhead,721,749,0.15,103620.10
epc_overhead,722,724,0.15,2143.86
epc_overhead,722,736,0.15,21438.64
epc_overhead,722,740,0.15,27155.62
epc_overhead,722,745,0.15,17150.92
epc_overhead,723,726,0.15,2074.18
epc_overhead,723,727,0.15,27650.21
epc_overhead,723,730,0.15,421678.71
epc_overhead,723,737,0.15,10719.32
epc_overhead,723,741,0.15,13577.81
epc_overhead,723,746,0.15,17150.92
epc_overhead,724,726,0.15,4287.72
epc_overhead,724,727,0.15,14292.45
epc_overhead,724,731,0.15,421678.71
epc_overhead,724,733,0.15,155217.96
epc_overhead,724,735,0.15,17150.92
epc_overhead,724,738,0.15,10719.32
epc_overhead,724,742,0.15,13577.81
epc_overhead,724,747,0.15,34301.84
epc_overhead,725,727,0.15,2143.86
epc_overhead,725,736,0.15,8575.46
epc_overhead,725,739,0.15,10719.32
epc_overhead,725,742,0.15,439242.71
epc_overhead,725,743,0.15,13577.81
epc_overhead,725,748,0.15,17150.92
epc_overhead,725,753,0.15,103620.10
epc_overhead,726,728,0.15,2143.86
epc_overhead,726,737,0.15,17150.92
epc_overhead,726,740,0.15,10719.32
epc_overhead,727,729,0.15,2143.86
epc_overhead,727,730,0.15,2074.18
epc_overhead,727,739,0.15,685227.9
epc_overhead,727,741,0.15,10719.32
epc_overhead,727,745,0.15,40733.43
epc_overhead,727,750,0.15,34301.84
epc_overhead,728,731,0.15,14292.45
epc_overhead,728,737,0.15,210518.37
epc_overhead,728,742,0.15,10719.32
epc_overhead,728,751,0.15,17150.92
epc_overhead,729,731,0.15,6431.58
epc_overhead,729,740,0.15,25726.38
epc_overhead,729,743,0.15,10719.32
epc_overhead,729,747,0.15,13577.81
epc_overhead,729,752,0.15,17150.92
epc_overhead,729,757,0.15,20724.02
epc_overhead,73,75,0.15,158129.52
epc_overhead,730,744,0.15,10719.32
epc_overhead,730,748,0.15,13577.81
epc_overhead,730,753,0.15,17150.92
epc_overhead,731,733,0.15,160273.38
epc_overhead,731,734,0.15,3111.27
epc_overhead,731,735,0.15,27650.21
epc_overhead,731,742,0.15,17150.92
epc_overhead,731,745,0.15,10719.32
epc_overhead,731,749,0.15,27155.62
epc_overhead,732,733,0.15,105419.68
epc_overhead,732,734,0.15,2921.68
epc_overhead,732,735,0.15,14292.45
epc_overhead,732,746,0.15,10719.32
epc_overhead,732,750,0.15,13577.81
epc_overhead,732,755,0.15,51452.76
epc_overhead,733,735,0.15,4287.72
epc_overhead,733,747,0.15,10719.32
epc_overhead,734,736,0.15,2143.86
epc_overhead,734,743,0.15,155217.96
epc_overhead,734,745,0.15,25726.38
epc_overhead,734,747,0.15,434610.30
epc_overhead,734,748,0.15,10719.32
epc_overhead,734,752,0.15,27155.62
epc_overhead,734,757,0.15,17150.92
epc_overhead,734,762,0.15,103620.10
epc_overhead,735,738,0.15,4148.36
epc_overhead,735,745,0.15,579808.22
epc_overhead,735,749,0.15,10719.32
epc_overhead,735,753,0.15,13577.81
epc_overhead,735,758,0.15,17150.92
epc_overhead,736,738,0.15,5065.54
epc_overhead,736,739,0.15,14292.45
epc_overhead,736,745,0.15,55300.41
epc_overhead,736,747,0.15,17150.92
epc_overhead,736,750,0.15,10719.32
epc_overhead,736,754,0.15,13577.81
epc_overhead,736,759,0.15,34301.84
epc_overhead,737,739,0.15,2143.86
epc_overhead,737,751,0.15,21438.64
epc_overhead,737,755,0.15,13577.81
epc_overhead,737,760,0.15,17150.92
epc_overhead,738,740,0.15,2143.86
epc_overhead,738,742,0.15,27650.21
epc_overhead,738,745,0.15,421678.71
epc_overhead,738,747,0.15,155217.96
epc_overhead,738,749,0.15,25726.38
epc_overhead,738,752,0.15,10719.32
epc_overhead,738,766,0.15,103620.10
epc_overhead,739,741,0.15,2143.86
epc_overhead,739,742,0.15,4148.36
epc_overhead,739,753,0.15,10719.32
epc_overhead,739,757,0.15,40733.43
epc_overhead,739,762,0.15,34301.84
epc_overhead,74,75,0.15,105419.68
epc_overhead,740,743,0.15,14292.45
epc_overhead,740,748,0.15,474388.55
epc_overhead,740,754,0.15,10719.32
epc_overhead,740,763,0.15,17150.92
epc_overhead,741,743,0.15,7209.40
epc_overhead,741,752,0.15,17150.92
epc_overhead,741,755,0.15,10719.32
epc_overhead,741,759,0.15,13577.81
epc_overhead,741,764,0.15,17150.92
epc_overhead,742,753,0.15,8575.46
epc_overhead,742,756,0.15,10719.32
epc_overhead,742,760,0.15,13577.81
epc_overhead,742,765,0.15,17150.92
epc_overhead,742,770,0.15,103620.10
epc_overhead,743,745,0.15,2143.86
epc_overhead,743,746,0.15,4148.36
epc_overhead,743,752,0.15,55300.41
epc_overhead,743,754,0.15,17150.92
epc_overhead,743,757,0.15,10719.32
epc_overhead,743,760,0.15,439242.71
epc_overhead,744,746,0.15,2921.68
epc_overhead,744,747,0.15,14292.45
epc_overhead,744,753,0.15,155217.96
epc_overhead,744,758,0.15,10719.32
epc_overhead,744,762,0.15,40733.43
epc_overhead,744,767,0.15,51452.76
epc_overhead,745,747,0.15,777.82
epc_overhead,745,759,0.15,10719.32
epc_overhead,746,747,0.15,210839.36
epc_overhead,746,748,0.15,6431.58
epc_overhead,746,750,0.15,27650.21
epc_overhead,746,757,0.15,25726.38
epc_overhead,746,760,0.15,10719.32
epc_overhead,746,764,0.15,13577.81
epc_overhead,746,769,0.15,17150.92
epc_overhead,746,774,0.15,103620.10
epc_overhead,747,750,0.15,4148.36
epc_overhead,747,761,0.15,10719.32
epc_overhead,747,765,0.15,13577.81
epc_overhead,747,770,0.15,17150.92
epc_overhead,748,750,0.15,3699.50
epc_overhead,748,751,0.15,14292.45
epc_overhead,748,757,0.15,155217.96
epc_overhead,748,759,0.15,17150.92
epc_overhead,748,761,0.15,434610.30
epc_overhead,748,762,0.15,10719.32
epc_overhead,748,766,0.15,27155.62
epc_overhead,749,751,0.15,2143.86
epc_overhead,749,757,0.15,474388.55
epc_overhead,749,763,0.15,10719.32
epc_overhead,749,767,0.15,13577.81
epc_overhead,749,772,0.15,51452.76
epc_overhead,750,752,0.15,4287.72
epc_overhead,750,761,0.15,25726.38
epc_overhead,750,764,0.15,10719.32
epc_overhead,750,778,0.15,103620.10
epc_overhead,751,753,0.15,2143.86
epc_overhead,751,754,0.15,4148.36
epc_overhead,751,760,0.15,55300.41
epc_overhead,751,765,0.15,10719.32
epc_overhead,751,769,0.15,27155.62
epc_overhead,751,774,0.15,17150.92
epc_overhead,752,754,0.15,777.82
epc_overhead,752,755,0.15,14292.45
epc_overhead,752,759,0.15,421678.71
epc_overhead,752,760,0.15,474388.55
epc_overhead,752,766,0.15,21438.64
epc_overhead,752,770,0.15,13577.81
epc_overhead,752,775,0.15,17150.92
epc_overhead,753,755,0.15,4287.72
epc_overhead,753,757,0.15,27650.21
epc_overhead,753,764,0.15,17150.92
epc_overhead,753,767,0.15,10719.32
epc_overhead,753,771,0.15,13577.81
epc_overhead,753,776,0.15,34301.84
epc_overhead,754,756,0.15,2143.86
epc_overhead,754,763,0.15,155217.96
epc_overhead,754,765,0.15,8575.46
epc_overhead,754,768,0.15,10719.32
epc_overhead,754,772,0.15,13577.81
epc_overhead,754,777,0.15,17150.92
epc_overhead,754,782,0.15,103620.10
epc_overhead,755,757,0.15,2143.86
epc_overhead,755,758,0.15,4148.36
epc_overhead,755,766,0.15,17150.92
epc_overhead,755,769,0.15,10719.32
epc_overhead,756,758,0.15,2921.68
epc_overhead,756,759,0.15,14292.45
epc_overhead,756,770,0.15,10719.32
epc_overhead,756,774,0.15,40733.43
epc_overhead,756,779,0.15,34301.84
epc_overhead,757,771,0.15,10719.32
epc_overhead,757,780,0.15,17150.92
epc_overhead,758,760,0.15,6431.58
epc_overhead,758,766,0.15,474388.55
epc_overhead,758,767,0.15,210518.37
epc_overhead,758,769,0.15,25726.38
epc_overhead,758,772,0.15,10719.32
epc_overhead,758,776,0.15,13577.81
epc_overhead,758,781,0.15,17150.92
epc_overhead,758,786,0.15,20724.02
epc_overhead,759,762,0.15,4148.36
epc_overhead,759,773,0.15,10719.32
epc_overhead,759,777,0.15,13577.81
epc_overhead,759,782,0.15,17150.92
epc_overhead,76,85,0.15,55300.41
epc_overhead,76,89,0.15,434610.30
epc_overhead,760,761,0.15,105419.68
epc_overhead,760,762,0.15,2921.68
epc_overhead,760,763,0.15,14292.45
epc_overhead,760,771,0.15,17150.92
epc_overhead,760,774,0.15,10719.32
epc_overhead,760,778,0.15,27155.62
epc_overhead,761,761,0.15,52709.84
epc_overhead,761,763,0.15,2143.86
epc_overhead,761,765,0.15,27650.21
epc_overhead,761,775,0.15,10719.32
epc_overhead,761,778,0.15,439242.71
epc_overhead,761,779,0.15,13577.81
epc_overhead,761,784,0.15,51452.76
epc_overhead,762,764,0.15,4287.72
epc_overhead,762,775,0.15,434610.30
epc_overhead,762,776,0.15,10719.32
epc_overhead,763,765,0.15,2143.86
epc_overhead,763,766,0.15,4148.36
epc_overhead,763,774,0.15,25726.38
epc_overhead,763,777,0.15,10719.32
epc_overhead,763,781,0.15,27155.62
epc_overhead,763,786,0.15,17150.92
epc_overhead,763,791,0.15,103620.10
epc_overhead,764,766,0.15,777.82
epc_overhead,764,767,0.15,14292.45
epc_overhead,764,773,0.15,155217.96
epc_overhead,764,778,0.15,10719.32
epc_overhead,764,782,0.15,13577.81
epc_overhead,764,787,0.15,17150.92
epc_overhead,765,767,0.15,4287.72
epc_overhead,765,776,0.15,17150.92
epc_overhead,765,779,0.15,10719.32
epc_overhead,765,783,0.15,13577.81
epc_overhead,765,788,0.15,34301.84
epc_overhead,766,768,0.15,2143.86
epc_overhead,766,775,0.15,55300.41
epc_overhead,766,780,0.15,10719.32
epc_overhead,766,784,0.15,13577.81
epc_overhead,766,789,0.15,17150.92
epc_overhead,767,769,0.15,2143.86
epc_overhead,767,770,0.15,4148.36
epc_overhead,767,773,0.15,368968.87
epc_overhead,767,774,0.15,421678.71
epc_overhead,767,778,0.15,25726.38
epc_overhead,767,781,0.15,21438.64
epc_overhead,767,795,0.15,103620.10
epc_overhead,768,770,0.15,2921.68
epc_overhead,768,771,0.15,14292.45
epc_overhead,768,772,0.15,27650.21
epc_overhead,768,777,0.15,155217.96
epc_overhead,768,782,0.15,10719.32
epc_overhead,768,786,0.15,40733.43
epc_overhead,768,791,0.15,34301.84
epc_overhead,769,783,0.15,10719.32
epc_overhead,769,792,0.15,17150.92
epc_overhead,77,85,0.15,219621.36
epc_overhead,77,86,0.15,527098.39
epc_overhead,77,87,0.15,579808.22
epc_overhead,770,772,0.15,6431.58
epc_overhead,770,781,0.15,17150.92
epc_overhead,770,784,0.15,10719.32
epc_overhead,770,788,0.15,13577.81
epc_overhead,770,793,0.15,17150.92
epc_overhead,771,774,0.15,5185.45
epc_overhead,771,782,0.15,8575.46
epc_overhead,771,785,0.15,10719.32
epc_overhead,771,789,0.15,13577.81
epc_overhead,771,794,0.15,17150.92
epc_overhead,771,799,0.15,103620.10
epc_overhead,772,774,0.15,2143.86
epc_overhead,772,775,0.15,14292.45
epc_overhead,772,783,0.15,17150.92
epc_overhead,772,786,0.15,10719.32
epc_overhead,773,773,0.15,52709.84
epc_overhead,773,775,0.15,2143.86
epc_overhead,773,782,0.15,55300.41
epc_overhead,773,787,0.15,10719.32
epc_overhead,773,791,0.15,40733.43
epc_overhead,773,796,0.15,51452.76
epc_overhead,774,775,0.15,210839.36
epc_overhead,774,783,0.15,155217.96
epc_overhead,774,788,0.15,10719.32
epc_overhead,775,777,0.15,6431.58
epc_overhead,775,778,0.15,5185.45
epc_overhead,775,786,0.15,25726.38
epc_overhead,775,789,0.15,10719.32
epc_overhead,775,793,0.15,13577.81
epc_overhead,775,798,0.15,17150.92
epc_overhead,775,803,0.15,103620.10
epc_overhead,776,778,0.15,777.82
epc_overhead,776,779,0.15,14292.45
epc_overhead,776,780,0.15,27650.21
epc_overhead,776,789,0.15,434610.30
epc_overhead,776,790,0.15,10719.32
epc_overhead,776,794,0.15,13577.81
epc_overhead,776,799,0.15,17150.92
epc_overhead,777,779,0.15,2143.86
epc_overhead,777,788,0.15,17150.92
epc_overhead,777,791,0.15,10719.32
epc_overhead,777,795,0.15,27155.62
epc_overhead,778,780,0.15,2143.86
epc_overhead,778,787,0.15,155217.96
epc_overhead,778,792,0.15,10719.32
epc_overhead,778,796,0.15,13577.81
epc_overhead,778,801,0.15,51452.76
epc_overhead,779,781,0.15,4287.72
epc_overhead,779,782,0.15,5185.45
epc_overhead,779,786,0.15,421678.71
epc_overhead,779,787,0.15,474388.55
epc_overhead,779,790,0.15,25726.38
epc_overhead,779,793,0.15,10719.32
epc_overhead,779,796,0.15,439242.71
epc_overhead,779,807,0.15,103620.10
epc_overhead,78,82,0.15,27650.21
epc_overhead,780,782,0.15,2143.86
epc_overhead,780,783,0.15,14292.45
epc_overhead,780,794,0.15,10719.32
epc_overhead,780,798,0.15,27155.62
epc_overhead,780,803,0.15,17150.92
epc_overhead,781,790,0.15,55300.41
epc_overhead,781,795,0.15,10719.32
epc_overhead,781,799,0.15,13577.81
epc_overhead,781,804,0.15,17150.92
epc_overhead,782,784,0.15,4287.72
epc_overhead,782,793,0.15,17150.92
epc_overhead,782,796,0.15,21438.64
epc_overhead,782,800,0.15,13577.81
epc_overhead,782,805,0.15,34301.84
epc_overhead,783,785,0.15,2143.86
epc_overhead,783,787,0.15,27650.21
epc_overhead,783,794,0.15,8575.46
epc_overhead,783,797,0.15,10719.32
epc_overhead,783,801,0.15,13577.81
epc_overhead,783,806,0.15,17150.92
epc_overhead,783,811,0.15,103620.10
epc_overhead,784,786,0.15,2143.86
epc_overhead,784,787,0.15,14292.45
epc_overhead,784,793,0.15,155217.96
epc_overhead,784,795,0.15,17150.92
epc_overhead,784,798,0.15,10719.32
epc_overhead,785,787,0.15,2143.86
epc_overhead,785,799,0.15,10719.32
epc_overhead,785,803,0.15,40733.43
epc_overhead,785,808,0.15,34301.84
epc_overhead,786,800,0.15,10719.32
epc_overhead,786,809,0.15,17150.92
epc_overhead,787,789,0.15,164561.10
epc_overhead,787,798,0.15,25726.38
epc_overhead,787,801,0.15,10719.32
epc_overhead,787,805,0.15,13577.81
epc_overhead,787,810,0.15,17150.92
epc_overhead,787,815,0.15,20724.02
epc_overhead,788,789,0.15,105419.68
epc_overhead,788,791,0.15,14292.45
epc_overhead,788,797,0.15,210518.37
epc_overhead,788,802,0.15,10719.32
epc_overhead,788,806,0.15,13577.81
epc_overhead,788,811,0.15,17150.92
epc_overhead,789,791,0.15,2143.86
epc_overhead,789,800,0.15,17150.92
epc_overhead,789,803,0.15,10719.32
epc_overhead,789,807,0.15,27155.62
epc_overhead,790,792,0.15,2143.86
epc_overhead,790,803,0.15,434610.30
epc_overhead,790,804,0.15,10719.32
epc_overhead,790,808,0.15,13577.81
epc_overhead,790,813,0.15,51452.76
epc_overhead,791,793,0.15,4287.72
epc_overhead,791,795,0.15,27650.21
epc_overhead,791,805,0.15,10719.32
epc_overhead,792,794,0.15,2143.86
epc_overhead,792,795,0.15,14292.45
epc_overhead,792,802,0.15,579808.22
epc_overhead,792,803,0.15,25726.38
epc_overhead,792,806,0.15,10719.32
epc_overhead,792,810,0.15,27155.62
epc_overhead,792,815,0.15,17150.92
epc_overhead,792,820,0.15,103620.10
epc_overhead,793,807,0.15,10719.32
epc_overhead,793,811,0.15,13577.81
epc_overhead,793,816,0.15,17150.92
epc_overhead,794,796,0.15,4287.72
epc_overhead,794,801,0.15,421678.71
epc_overhead,794,803,0.15,155217.96
epc_overhead,794,805,0.15,17150.92
epc_overhead,794,808,0.15,10719.32
epc_overhead,794,812,0.15,13577.81
epc_overhead,794,817,0.15,34301.84
epc_overhead,795,797,0.15,2143.86
epc_overhead,795,809,0.15,10719.32
epc_overhead,795,813,0.15,13577.81
epc_overhead,795,818,0.15,17150.92
epc_overhead,796,798,0.15,2143.86
epc_overhead,796,799,0.15,14292.45
epc_overhead,796,805,0.15,55300.41
epc_overhead,796,807,0.15,25726.38
epc_overhead,796,810,0.15,10719.32
epc_overhead,796,824,0.15,103620.10
epc_overhead,797,799,0.15,2143.86
epc_overhead,797,811,0.15,21438.64
epc_overhead,797,814,0.15,439242.71
epc_overhead,797,815,0.15,40733.43
epc_overhead,797,820,0.15,34301.84
epc_overhead,798,802,0.15,27650.21
epc_overhead,798,807,0.15,155217.96
epc_overhead,798,812,0.15,10719.32
epc_overhead,798,821,0.15,17150.92
epc_overhead,799,801,0.15,6431.58
epc_overhead,799,810,0.15,17150.92
epc_overhead,799,813,0.15,10719.32
epc_overhead,799,817,0.15,13577.81
epc_overhead,799,822,0.15,17150.92
epc_overhead,800,803,0.15,14292.45
epc_overhead,800,811,0.15,8575.46
epc_overhead,800,814,0.15,10719.32
epc_overhead,800,818,0.15,13577.81
epc_overhead,800,823,0.15,17150.92
epc_overhead,800,828,0.15,103620.10
epc_overhead,801,803,0.15,2143.86
epc_overhead,801,812,0.15,17150.92
epc_overhead,801,815,0.15,10719.32
epc_overhead,802,803,0.15,105419.68
epc_overhead,802,804,0.15,2143.86
epc_overhead,802,816,0.15,10719.32
epc_overhead,802,820,0.15,40733.43
epc_overhead,802,825,0.15,51452.76
epc_overhead,803,803,0.15,52709.84
epc_overhead,803,812,0.15,55300.41
epc_overhead,803,817,0.15,10719.32
epc_overhead,804,806,0.15,6431.58
epc_overhead,804,807,0.15,14292.45
epc_overhead,804,813,0.15,155217.96
epc_overhead,804,815,0.15,25726.38
epc_overhead,804,817,0.15,434610.30
epc_overhead,804,818,0.15,10719.32
epc_overhead,804,822,0.15,13577.81
epc_overhead,804,827,0.15,17150.92
epc_overhead,804,832,0.15,103620.10
epc_overhead,805,819,0.15,10719.32
epc_overhead,805,823,0.15,13577.81
epc_overhead,805,828,0.15,17150.92
epc_overhead,806,808,0.15,2143.86
epc_overhead,806,810,0.15,27650.21
epc_overhead,806,817,0.15,17150.92
epc_overhead,806,820,0.15,10719.32
epc_overhead,806,824,0.15,27155.62
epc_overhead,807,809,0.15,2143.86
epc_overhead,807,821,0.15,10719.32
epc_overhead,807,825,0.15,13577.81
epc_overhead,807,830,0.15,51452.76
epc_overhead,808,810,0.15,4287.72
epc_overhead,808,811,0.15,14292.45
epc_overhead,808,815,0.15,421678.71
epc_overhead,808,817,0.15,155217.96
epc_overhead,808,819,0.15,25726.38
epc_overhead,808,822,0.15,10719.32
epc_overhead,808,836,0.15,103620.10
epc_overhead,809,811,0.15,2143.86
epc_overhead,809,823,0.15,10719.32
epc_overhead,809,827,0.15,27155.62
epc_overhead,809,832,0.15,17150.92
epc_overhead,810,817,0.15,421678.71
epc_overhead,810,824,0.15,10719.32
epc_overhead,810,828,0.15,13577.81
epc_overhead,810,833,0.15,17150.92
epc_overhead,811,813,0.15,4287.72
epc_overhead,811,820,0.15,55300.41
epc_overhead,811,822,0.15,17150.92
epc_overhead,811,825,0.15,10719.32
epc_overhead,811,829,0.15,13577.81
epc_overhead,811,834,0.15,34301.84
epc_overhead,812,814,0.15,2143.86
epc_overhead,812,815,0.15,14292.45
epc_overhead,812,823,0.15,8575.46
epc_overhead,812,826,0.15,21438.64
epc_overhead,812,830,0.15,13577.81
epc_overhead,812,835,0.15,17150.92
epc_overhead,812,840,0.15,103620.10
epc_overhead,813,815,0.15,2143.86
epc_overhead,813,817,0.15,27650.21
epc_overhead,813,824,0.15,17150.92
epc_overhead,813,827,0.15,10719.32
epc_overhead,814,815,0.15,105419.68
epc_overhead,814,816,0.15,2143.86
epc_overhead,814,823,0.15,155217.96
epc_overhead,814,828,0.15,10719.32
epc_overhead,814,832,0.15,40733.43
epc_overhead,814,837,0.15,34301.84
epc_overhead,815,829,0.15,10719.32
epc_overhead,815,838,0.15,17150.92
epc_overhead,816,817,0.15,210839.36
epc_overhead,816,818,0.15,6431.58
epc_overhead,816,819,0.15,14292.45
epc_overhead,816,827,0.15,25726.38
epc_overhead,816,830,0.15,10719.32
epc_overhead,816,834,0.15,13577.81
epc_overhead,816,839,0.15,17150.92
epc_overhead,816,844,0.15,20724.02
epc_overhead,817,831,0.15,10719.32
epc_overhead,817,835,0.15,13577.81
epc_overhead,817,840,0.15,17150.92
epc_overhead,818,820,0.15,2143.86
epc_overhead,818,825,0.15,421678.71
epc_overhead,818,827,0.15,210518.37
epc_overhead,818,829,0.15,17150.92
epc_overhead,818,831,0.15,434610.30
epc_overhead,818,832,0.15,10719.32
epc_overhead,818,836,0.15,27155.62
epc_overhead,819,821,0.15,2143.86
epc_overhead,819,833,0.15,10719.32
epc_overhead,819,837,0.15,13577.81
epc_overhead,819,842,0.15,51452.76
epc_overhead,820,822,0.15,4287.72
epc_overhead,820,823,0.15,14292.45
epc_overhead,820,834,0.15,10719.32
epc_overhead,821,823,0.15,2143.86
epc_overhead,821,825,0.15,27650.21
epc_overhead,821,832,0.15,25726.38
epc_overhead,821,835,0.15,10719.32
epc_overhead,821,839,0.15,27155.62
epc_overhead,821,844,0.15,17150.92
epc_overhead,821,849,0.15,103620.10
epc_overhead,822,829,0.15,421678.71
epc_overhead,822,836,0.15,10719.32
epc_overhead,822,840,0.15,13577.81
epc_overhead,822,845,0.15,17150.92
epc_overhead,823,825,0.15,4287.72
epc_overhead,823,834,0.15,17150.92
epc_overhead,823,837,0.15,10719.32
epc_overhead,823,841,0.15,13577.81
epc_overhead,823,846,0.15,34301.84
epc_overhead,824,826,0.15,2143.86
epc_overhead,824,827,0.15,14292.45
epc_overhead,824,829,0.15,316259.03
epc_overhead,824,833,0.15,155217.96
epc_overhead,824,838,0.15,10719.32
epc_overhead,824,842,0.15,13577.81
epc_overhead,824,847,0.15,17150.92
epc_overhead,825,827,0.15,2143.86
epc_overhead,825,836,0.15,25726.38
epc_overhead,825,839,0.15,10719.32
epc_overhead,825,853,0.15,103620.10
epc_overhead,826,828,0.15,2143.86
epc_overhead,826,833,0.15,843357.42
epc_overhead,826,835,0.15,55300.41
epc_overhead,826,840,0.15,10719.32
epc_overhead,826,844,0.15,40733.43
epc_overhead,826,849,0.15,34301.84
epc_overhead,827,841,0.15,21438.64
epc_overhead,827,850,0.15,17150.92
epc_overhead,828,830,0.15,6431.58
epc_overhead,828,831,0.15,14292.45
epc_overhead,828,832,0.15,27650.21
epc_overhead,828,837,0.15,155217.96
epc_overhead,828,839,0.15,17150.92
epc_overhead,828,842,0.15,10719.32
epc_overhead,828,846,0.15,13577.81
epc_overhead,828,851,0.15,17150.92
epc_overhead,829,840,0.15,8575.46
epc_overhead,829,843,0.15,10719.32
epc_overhead,829,847,0.15,13577.81
epc_overhead,829,852,0.15,17150.92
epc_overhead,829,857,0.15,103620.10
epc_overhead,83,92,0.15,55300.41
epc_overhead,830,831,0.15,210839.36
epc_overhead,830,832,0.15,2143.86
epc_overhead,830,841,0.15,17150.92
epc_overhead,830,844,0.15,10719.32
epc_overhead,831,833,0.15,2143.86
epc_overhead,831,845,0.15,10719.32
epc_overhead,831,849,0.15,40733.43
epc_overhead,831,854,0.15,51452.76
epc_overhead,832,835,0.15,14292.45
epc_overhead,832,845,0.15,434610.30
epc_overhead,832,846,0.15,10719.32
epc_overhead,833,835,0.15,6431.58
epc_overhead,833,842,0.15,55300.41
epc_overhead,833,844,0.15,25726.38
epc_overhead,833,847,0.15,10719.32
epc_overhead,833,851,0.15,13577.81
epc_overhead,833,856,0.15,17150.92
epc_overhead,833,861,0.15,103620.10
epc_overhead,834,837,0.15,1037.09
epc_overhead,834,841,0.15,843357.42
epc_overhead,834,843,0.15,155217.96
epc_overhead,834,848,0.15,10719.32
epc_overhead,834,852,0.15,13577.81
epc_overhead,834,857,0.15,17150.92
epc_overhead,835,837,0.15,2143.86
epc_overhead,835,843,0.15,474388.55
epc_overhead,835,846,0.15,17150.92
epc_overhead,835,849,0.15,10719.32
epc_overhead,835,853,0.15,27155.62
epc_overhead,836,838,0.15,2143.86
epc_overhead,836,839,0.15,14292.45
epc_overhead,836,840,0.15,27650.21
epc_overhead,836,850,0.15,10719.32
epc_overhead,836,854,0.15,13577.81
epc_overhead,836,859,0.15,51452.76
epc_overhead,837,839,0.15,4287.72
epc_overhead,837,843,0.15,368968.87
epc_overhead,837,848,0.15,25726.38
epc_overhead,837,851,0.15,10719.32
epc_overhead,837,865,0.15,103620.10
epc_overhead,838,840,0.15,2143.86
epc_overhead,838,841,0.15,1037.09
epc_overhead,838,847,0.15,155217.96
epc_overhead,838,852,0.15,10719.32
epc_overhead,838,856,0.15,27155.62
epc_overhead,838,861,0.15,17150.92
epc_overhead,839,853,0.15,10719.32
epc_overhead,839,857,0.15,13577.81
epc_overhead,839,862,0.15,17150.92
epc_overhead,840,842,0.15,5065.54
epc_overhead,840,843,0.15,14292.45
epc_overhead,840,851,0.15,17150.92
epc_overhead,840,854,0.15,10719.32
epc_overhead,840,858,0.15,13577.81
epc_overhead,840,863,0.15,34301.84
epc_overhead,841,843,0.15,2143.86
epc_overhead,841,850,0.15,55300.41
epc_overhead,841,852,0.15,8575.46
epc_overhead,841,855,0.15,10719.32
epc_overhead,841,859,0.15,13577.81
epc_overhead,841,864,0.15,17150.92
epc_overhead,841,869,0.15,103620.10
epc_overhead,842,842,0.15,52709.84
epc_overhead,842,844,0.15,2143.86
epc_overhead,842,845,0.15,1037.09
epc_overhead,842,853,0.15,17150.92
epc_overhead,842,856,0.15,21438.64
epc_overhead,843,845,0.15,2921.68
epc_overhead,843,847,0.15,27650.21
epc_overhead,843,849,0.15,368968.87
epc_overhead,843,853,0.15,579808.22
epc_overhead,843,857,0.15,10719.32
epc_overhead,843,861,0.15,40733.43
epc_overhead,843,866,0.15,34301.84
epc_overhead,844,845,0.15,210839.36
epc_overhead,844,847,0.15,14292.45
epc_overhead,844,853,0.15,155217.96
epc_overhead,844,858,0.15,10719.32
epc_overhead,844,867,0.15,17150.92
epc_overhead,845,847,0.15,6431.58
epc_overhead,845,856,0.15,25726.38
epc_overhead,845,859,0.15,10719.32
epc_overhead,845,863,0.15,13577.81
epc_overhead,845,868,0.15,17150.92
epc_overhead,845,873,0.15,20724.02
epc_overhead,846,849,0.15,1037.09
epc_overhead,846,859,0.15,434610.30
epc_overhead,846,860,0.15,10719.32
epc_overhead,846,864,0.15,13577.81
epc_overhead,846,869,0.15,17150.92
epc_overhead,847,849,0.15,2143.86
epc_overhead,847,858,0.15,17150.92
epc_overhead,847,861,0.15,10719.32
epc_overhead,847,865,0.15,27155.62
epc_overhead,848,850,0.15,2143.86
epc_overhead,848,851,0.15,14292.45
epc_overhead,848,857,0.15,210518.37
epc_overhead,848,862,0.15,10719.32
epc_overhead,848,866,0.15,13577.81
epc_overhead,848,871,0.15,51452.76
epc_overhead,849,851,0.15,4287.72
epc_overhead,849,863,0.15,10719.32
epc_overhead,850,852,0.15,2143.86
epc_overhead,850,853,0.15,1037.09
epc_overhead,850,857,0.15,421678.71
epc_overhead,850,858,0.15,948777.10
epc_overhead,850,861,0.15,25726.38
epc_overhead,850,864,0.15,10719.32
epc_overhead,850,868,0.15,27155.62
epc_overhead,850,873,0.15,17150.92
epc_overhead,850,878,0.15,103620.10
epc_overhead,851,855,0.15,27650.21
epc_overhead,851,865,0.15,10719.32
epc_overhead,851,869,0.15,13577.81
epc_overhead,851,874,0.15,17150.92
epc_overhead,852,854,0.15,4287.72
epc_overhead,852,855,0.15,14292.45
epc_overhead,852,863,0.15,17150.92
epc_overhead,852,866,0.15,10719.32
epc_overhead,852,870,0.15,13577.81
epc_overhead,852,875,0.15,34301.84
epc_overhead,853,855,0.15,2143.86
epc_overhead,853,867,0.15,10719.32
epc_overhead,853,871,0.15,13577.81
epc_overhead,853,876,0.15,17150.92
epc_overhead,854,856,0.15,2143.86
epc_overhead,854,857,0.15,1037.09
epc_overhead,854,862,0.15,474388.55
epc_overhead,854,863,0.15,155217.96
epc_overhead,854,865,0.15,25726.38
epc_overhead,854,868,0.15,10719.32
epc_overhead,854,882,0.15,103620.10
epc_overhead,855,857,0.15,2143.86
epc_overhead,855,869,0.15,10719.32
epc_overhead,855,873,0.15,40733.43
epc_overhead,855,878,0.15,34301.84
epc_overhead,856,858,0.15,777.82
epc_overhead,856,859,0.15,14292.45
epc_overhead,856,865,0.15,55300.41
epc_overhead,856,870,0.15,10719.32
epc_overhead,856,879,0.15,17150.92
epc_overhead,857,859,0.15,6431.58
epc_overhead,857,868,0.15,17150.92
epc_overhead,857,871,0.15,21438.64
epc_overhead,857,875,0.15,13577.81
epc_overhead,857,880,0.15,17150.92
epc_overhead,858,859,0.15,105419.68
epc_overhead,858,861,0.15,2074.18
epc_overhead,858,862,0.15,27650.21
epc_overhead,858,867,0.15,155217.96
epc_overhead,858,869,0.15,8575.46
epc_overhead,858,872,0.15,10719.32
epc_overhead,858,876,0.15,13577.81
epc_overhead,858,881,0.15,17150.92
epc_overhead,858,886,0.15,103620.10
epc_overhead,859,859,0.15,52709.84
epc_overhead,859,861,0.15,4477.32
epc_overhead,859,866,0.15,421678.71
epc_overhead,859,870,0.15,17150.92
epc_overhead,859,873,0.15,10719.32
epc_overhead,86,103,0.15,439242.71
epc_overhead,86,90,0.15,27650.21
epc_overhead,860,862,0.15,2143.86
epc_overhead,860,863,0.15,14292.45
epc_overhead,860,873,0.15,434610.30
epc_overhead,860,874,0.15,10719.32
epc_overhead,860,878,0.15,40733.43
epc_overhead,860,883,0.15,51452.76
epc_overhead,861,875,0.15,10719.32
epc_overhead,862,864,0.15,7209.40
epc_overhead,862,865,0.15,2074.18
epc_overhead,862,870,0.15,474388.55
epc_overhead,862,873,0.15,25726.38
epc_overhead,862,876,0.15,10719.32
epc_overhead,862,880,0.15,13577.81
epc_overhead,862,885,0.15,17150.92
epc_overhead,862,890,0.15,103620.10
epc_overhead,863,870,0.15,421678.71
epc_overhead,863,872,0.15,55300.41
epc_overhead,863,877,0.15,10719.32
epc_overhead,863,881,0.15,13577.81
epc_overhead,863,886,0.15,17150.92
epc_overhead,864,866,0.15,2143.86
epc_overhead,864,867,0.15,14292.45
epc_overhead,864,873,0.15,155217.96
epc_overhead,864,875,0.15,17150.92
epc_overhead,864,878,0.15,10719.32
epc_overhead,864,882,0.15,27155.62
epc_overhead,865,867,0.15,2921.68
epc_overhead,865,879,0.15,10719.32
epc_overhead,865,883,0.15,13577.81
epc_overhead,865,888,0.15,51452.76
epc_overhead,866,868,0.15,4287.72
epc_overhead,866,869,0.15,2074.18
epc_overhead,866,870,0.15,27650.21
epc_overhead,866,877,0.15,25726.38
epc_overhead,866,880,0.15,10719.32
epc_overhead,866,894,0.15,103620.10
epc_overhead,867,868,0.15,105419.68
epc_overhead,867,869,0.15,2143.86
epc_overhead,867,881,0.15,10719.32
epc_overhead,867,885,0.15,27155.62
epc_overhead,867,890,0.15,17150.92
epc_overhead,868,868,0.15,52709.84
epc_overhead,868,870,0.15,777.82
epc_overhead,868,871,0.15,14292.45
epc_overhead,868,877,0.15,155217.96
epc_overhead,868,882,0.15,10719.32
epc_overhead,868,886,0.15,13577.81
epc_overhead,868,891,0.15,17150.92
epc_overhead,869,870,0.15,105419.68
epc_overhead,869,871,0.15,4287.72
epc_overhead,869,876,0.15,421678.71
epc_overhead,869,880,0.15,17150.92
epc_overhead,869,883,0.15,10719.32
epc_overhead,869,887,0.15,13577.81
epc_overhead,869,892,0.15,34301.84
epc_overhead,87,89,0.15,158129.52
epc_overhead,870,872,0.15,2143.86
epc_overhead,870,873,0.15,2074.18
epc_overhead,870,881,0.15,8575.46
epc_overhead,870,884,0.15,10719.32
epc_overhead,870,888,0.15,13577.81
epc_overhead,870,893,0.15,17150.92
epc_overhead,870,898,0.15,103620.10
epc_overhead,871,873,0.15,161829.02
epc_overhead,871,876,0.15,316259.03
epc_overhead,871,880,0.15,55300.41
epc_overhead,871,881,0.15,579808.22
epc_overhead,871,882,0.15,17150.92
epc_overhead,871,885,0.15,10719.32
epc_overhead,872,874,0.15,2143.86
epc_overhead,872,875,0.15,14292.45
epc_overhead,872,886,0.15,21438.64
epc_overhead,872,890,0.15,40733.43
epc_overhead,872,895,0.15,34301.84
epc_overhead,873,877,0.15,27650.21
epc_overhead,873,887,0.15,10719.32
epc_overhead,873,896,0.15,17150.92
epc_overhead,874,876,0.15,6431.58
epc_overhead,874,877,0.15,2074.18
epc_overhead,874,883,0.15,155217.96
epc_overhead,874,885,0.15,25726.38
epc_overhead,874,887,0.15,434610.30
epc_overhead,874,888,0.15,10719.32
epc_overhead,874,892,0.15,13577.81
epc_overhead,874,897,0.15,17150.92
epc_overhead,874,902,0.15,20724.02
epc_overhead,875,889,0.15,10719.32
epc_overhead,875,893,0.15,13577.81
epc_overhead,875,898,0.15,17150.92
epc_overhead,876,878,0.15,2921.68
epc_overhead,876,879,0.15,14292.45
epc_overhead,876,887,0.15,17150.92
epc_overhead,876,890,0.15,10719.32
epc_overhead,876,894,0.15,27155.62
epc_overhead,877,878,0.15,105419.68
epc_overhead,877,879,0.15,2143.86
epc_overhead,877,884,0.15,421678.71
epc_overhead,877,891,0.15,10719.32
epc_overhead,877,895,0.15,13577.81
epc_overhead,877,900,0.15,51452.76
epc_overhead,878,880,0.15,4287.72
epc_overhead,878,881,0.15,2074.18
epc_overhead,878,887,0.15,210518.37
epc_overhead,878,892,0.15,10719.32
epc_overhead,879,881,0.15,2921.68
epc_overhead,879,885,0.15,368968.87
epc_overhead,879,890,0.15,25726.38
epc_overhead,879,893,0.15,10719.32
epc_overhead,879,897,0.15,27155.62
epc_overhead,879,902,0.15,17150.92
epc_overhead,879,907,0.15,103620.10
epc_overhead,88,89,0.15,105419.68
epc_overhead,880,883,0.15,14292.45
epc_overhead,880,894,0.15,10719.32
epc_overhead,880,898,0.15,13577.81
epc_overhead,880,903,0.15,17150.92
epc_overhead,881,883,0.15,4287.72
epc_overhead,881,885,0.15,27650.21
epc_overhead,881,892,0.15,17150.92
epc_overhead,881,895,0.15,10719.32
epc_overhead,881,899,0.15,13577.81
epc_overhead,881,904,0.15,34301.84
epc_overhead,882,884,0.15,2143.86
epc_overhead,882,885,0.15,2074.18
epc_overhead,882,887,0.15,316259.03
epc_overhead,882,896,0.15,10719.32
epc_overhead,882,900,0.15,13577.81
epc_overhead,882,905,0.15,17150.92
epc_overhead,883,885,0.15,2143.86
epc_overhead,883,894,0.15,25726.38
epc_overhead,883,897,0.15,10719.32
epc_overhead,883,911,0.15,103620.10
epc_overhead,884,886,0.15,2921.68
epc_overhead,884,887,0.15,14292.45
epc_overhead,884,893,0.15,155217.96
epc_overhead,884,898,0.15,10719.32
epc_overhead,884,902,0.15,40733.43
epc_overhead,884,907,0.15,34301.84
epc_overhead,885,893,0.15,474388.55
epc_overhead,885,899,0.15,10719.32
epc_overhead,885,908,0.15,17150.92
epc_overhead,886,887,0.15,105419.68
epc_overhead,886,888,0.15,6431.58
epc_overhead,886,889,0.15,2074.18
epc_overhead,886,895,0.15,55300.41
epc_overhead,886,897,0.15,17150.92
epc_overhead,886,900,0.15,10719.32
epc_overhead,886,904,0.15,13577.81
epc_overhead,886,909,0.15,17150.92
epc_overhead,887,889,0.15,1555.64
epc_overhead,887,898,0.15,8575.46
epc_overhead,887,901,0.15,21438.64
epc_overhead,887,905,0.15,13577.81
epc_overhead,887,910,0.15,17150.92
epc_overhead,887,915,0.15,103620.10
epc_overhead,888,890,0.15,2143.86
epc_overhead,888,891,0.15,14292.45
epc_overhead,888,892,0.15,27650.21
epc_overhead,888,894,0.15,368968.87
epc_overhead,888,897,0.15,155217.96
epc_overhead,888,898,0.15,579808.22
epc_overhead,888,899,0.15,17150.92
epc_overhead,888,901,0.15,434610.30
epc_overhead,888,902,0.15,10719.32
epc_overhead,889,891,0.15,2143.86
epc_overhead,889,903,0.15,10719.32
epc_overhead,889,907,0.15,40733.43
epc_overhead,889,912,0.15,51452.76
epc_overhead,890,893,0.15,2074.18
epc_overhead,890,904,0.15,10719.32
epc_overhead,891,893,0.15,6431.58
epc_overhead,891,902,0.15,25726.38
epc_overhead,891,905,0.15,10719.32
epc_overhead,891,909,0.15,13577.81
epc_overhead,891,914,0.15,17150.92
epc_overhead,891,919,0.15,103620.10
epc_overhead,892,895,0.15,14292.45
epc_overhead,892,899,0.15,421678.71
epc_overhead,892,906,0.15,10719.32
epc_overhead,892,910,0.15,13577.81
epc_overhead,892,915,0.15,17150.92
epc_overhead,893,895,0.15,2143.86
epc_overhead,893,902,0.15,55300.41
epc_overhead,893,904,0.15,17150.92
epc_overhead,893,907,0.15,10719.32
epc_overhead,893,911,0.15,27155.62
epc_overhead,894,896,0.15,2143.86
epc_overhead,894,897,0.15,2074.18
epc_overhead,894,902,0.15,474388.55
epc_overhead,894,903,0.15,155217.96
epc_overhead,894,908,0.15,10719.32
epc_overhead,894,912,0.15,13577.81
epc_overhead,894,917,0.15,51452.76
epc_overhead,895,897,0.15,5065.54
epc_overhead,895,902,0.15,421678.71
epc_overhead,895,906,0.15,25726.38
epc_overhead,895,909,0.15,10719.32
epc_overhead,895,923,0.15,103620.10
epc_overhead,896,898,0.15,2143.86
epc_overhead,896,899,0.15,5716.98
epc_overhead,896,900,0.15,27650.21
epc_overhead,896,910,0.15,10719.32
epc_overhead,896,914,0.15,27155.62
epc_overhead,896,919,0.15,17150.92
epc_overhead,897,911,0.15,10719.32
epc_overhead,897,915,0.15,13577.81
epc_overhead,897,920,0.15,17150.92
epc_overhead,898,900,0.15,4287.72
epc_overhead,898,901,0.15,2074.18
epc_overhead,898,907,0.15,155217.96
epc_overhead,898,909,0.15,17150.92
epc_overhead,898,912,0.15,10719.32
epc_overhead,898,916,0.15,13577.81
epc_overhead,898,921,0.15,34301.84
epc_overhead,899,900,0.15,105419.68
epc_overhead,899,901,0.15,2143.86
epc_overhead,899,910,0.15,8575.46
epc_overhead,899,913,0.15,10719.32
epc_overhead,899,917,0.15,13577.81
epc_overhead,899,922,0.15,17150.92
epc_overhead,899,927,0.15,103620.10
epc_overhead,90,103,0.15,434610.30
epc_overhead,900,901,0.15,105419.68
epc_overhead,900,902,0.15,2143.86
epc_overhead,900,911,0.15,17150.92
epc_overhead,900,914,0.15,10719.32
epc_overhead,901,903,0.15,2921.68
epc_overhead,901,909,0.15,474388.55
epc_overhead,901,910,0.15,55300.41
epc_overhead,901,915,0.15,10719.32
epc_overhead,901,919,0.15,40733.43
epc_overhead,901,924,0.15,34301.84
epc_overhead,902,905,0.15,3111.27
epc_overhead,902,915,0.15,434610.30
epc_overhead,902,916,0.15,21438.64
epc_overhead,902,925,0.15,17150.92
epc_overhead,903,903,0.15,52709.84
epc_overhead,903,905,0.15,6431.58
epc_overhead,903,907,0.15,27650.21
epc_overhead,903,908,0.15,316259.03
epc_overhead,903,914,0.15,25726.38
epc_overhead,903,917,0.15,10719.32
epc_overhead,903,921,0.15,13577.81
epc_overhead,903,926,0.15,17150.92
epc_overhead,903,931,0.15,20724.02
epc_overhead,904,906,0.15,777.82
epc_overhead,904,912,0.15,474388.55
epc_overhead,904,913,0.15,155217.96
epc_overhead,904,918,0.15,10719.32
epc_overhead,904,922,0.15,13577.81
epc_overhead,904,927,0.15,17150.92
epc_overhead,905,907,0.15,2143.86
epc_overhead,905,913,0.15,474388.55
epc_overhead,905,916,0.15,17150.92
epc_overhead,905,919,0.15,10719.32
epc_overhead,905,923,0.15,27155.62
epc_overhead,906,908,0.15,2143.86
epc_overhead,906,909,0.15,3111.27
epc_overhead,906,920,0.15,10719.32
epc_overhead,906,924,0.15,13577.81
epc_overhead,906,929,0.15,51452.76
epc_overhead,907,909,0.15,5843.36
epc_overhead,907,921,0.15,10719.32
epc_overhead,908,910,0.15,2921.68
epc_overhead,908,917,0.15,210518.37
epc_overhead,908,919,0.15,25726.38
epc_overhead,908,922,0.15,10719.32
epc_overhead,908,926,0.15,27155.62
epc_overhead,908,931,0.15,17150.92
epc_overhead,908,936,0.15,103620.10
epc_overhead,909,919,0.15,579808.22
epc_overhead,909,923,0.15,10719.32
epc_overhead,909,927,0.15,13577.81
epc_overhead,909,932,0.15,17150.92
epc_overhead,91,100,0.15,55300.41
epc_overhead,910,911,0.15,105419.68
epc_overhead,910,912,0.15,4287.72
epc_overhead,910,913,0.15,3111.27
epc_overhead,910,921,0.15,17150.92
epc_overhead,910,924,0.15,10719.32
epc_overhead,910,928,0.15,13577.81
epc_overhead,910,933,0.15,34301.84
epc_overhead,911,913,0.15,2921.68
epc_overhead,911,915,0.15,27650.21
epc_overhead,911,925,0.15,10719.32
epc_overhead,911,929,0.15,13577.81
epc_overhead,911,934,0.15,17150.92
epc_overhead,912,914,0.15,2921.68
epc_overhead,912,920,0.15,474388.55
epc_overhead,912,923,0.15,25726.38
epc_overhead,912,926,0.15,10719.32
epc_overhead,912,940,0.15,103620.10
epc_overhead,913,915,0.15,2143.86
epc_overhead,913,919,0.15,368968.87
epc_overhead,913,927,0.15,10719.32
epc_overhead,913,931,0.15,40733.43
epc_overhead,913,936,0.15,34301.84
epc_overhead,914,915,0.15,105419.68
epc_overhead,914,917,0.15,3111.27
epc_overhead,914,923,0.15,155217.96
epc_overhead,914,928,0.15,10719.32
epc_overhead,914,937,0.15,17150.92
epc_overhead,915,917,0.15,7209.40
epc_overhead,915,926,0.15,17150.92
epc_overhead,915,929,0.15,10719.32
epc_overhead,915,933,0.15,13577.81
epc_overhead,915,938,0.15,17150.92
epc_overhead,916,925,0.15,55300.41
epc_overhead,916,927,0.15,8575.46
epc_overhead,916,929,0.15,434610.30
epc_overhead,916,930,0.15,10719.32
epc_overhead,916,934,0.15,13577.81
epc_overhead,916,939,0.15,17150.92
epc_overhead,916,944,0.15,103620.10
epc_overhead,917,919,0.15,2143.86
epc_overhead,917,928,0.15,17150.92
epc_overhead,917,931,0.15,21438.64
epc_overhead,918,920,0.15,2143.86
epc_overhead,918,921,0.15,3111.27
epc_overhead,918,922,0.15,27650.21
epc_overhead,918,927,0.15,155217.96
epc_overhead,918,932,0.15,10719.32
epc_overhead,918,936,0.15,40733.43
epc_overhead,918,941,0.15,51452.76
epc_overhead,919,933,0.15,10719.32
epc_overhead,920,922,0.15,6431.58
epc_overhead,920,927,0.15,843357.42
epc_overhead,920,928,0.15,474388.55
epc_overhead,920,931,0.15,25726.38
epc_overhead,920,934,0.15,10719.32
epc_overhead,920,938,0.15,13577.81
epc_overhead,920,943,0.15,17150.92
epc_overhead,920,948,0.15,103620.10
epc_overhead,921,923,0.15,158129.52
epc_overhead,921,935,0.15,10719.32
epc_overhead,921,939,0.15,13577.81
epc_overhead,921,944,0.15,17150.92
epc_overhead,922,924,0.15,2143.86
epc_overhead,922,925,0.15,3111.27
epc_overhead,922,933,0.15,17150.92
epc_overhead,922,936,0.15,10719.32
epc_overhead,922,940,0.15,27155.62
epc_overhead,923,925,0.15,2921.68
epc_overhead,923,932,0.15,55300.41
epc_overhead,923,937,0.15,10719.32
epc_overhead,923,941,0.15,13577.81
epc_overhead,923,946,0.15,51452.76
epc_overhead,924,926,0.15,4287.72
epc_overhead,924,933,0.15,155217.96
epc_overhead,924,935,0.15,25726.38
epc_overhead,924,936,0.15,685227.9
epc_overhead,924,938,0.15,10719.32
epc_overhead,924,952,0.15,103620.10
epc_overhead,925,927,0.15,2143.86
epc_overhead,925,939,0.15,10719.32
epc_overhead,925,943,0.15,27155.62
epc_overhead,925,948,0.15,17150.92
epc_overhead,926,929,0.15,3111.27
epc_overhead,926,930,0.15,27650.21
epc_overhead,926,940,0.15,10719.32
epc_overhead,926,944,0.15,13577.81
epc_overhead,926,949,0.15,17150.92
epc_overhead,927,929,0.15,5065.54
epc_overhead,927,938,0.15,17150.92
epc_overhead,927,941,0.15,10719.32
epc_overhead,927,945,0.15,13577.81
epc_overhead,927,950,0.15,34301.84
epc_overhead,928,929,0.15,105419.68
epc_overhead,928,930,0.15,2921.68
epc_overhead,928,936,0.15,474388.55
epc_overhead,928,937,0.15,155217.96
epc_overhead,928,939,0.15,8575.46
epc_overhead,928,942,0.15,10719.32
epc_overhead,928,946,0.15,13577.81
epc_overhead,928,951,0.15,17150.92
epc_overhead,928,956,0.15,103620.10
epc_overhead,929,931,0.15,2143.86
epc_overhead,929,937,0.15,474388.55
epc_overhead,929,940,0.15,17150.92
epc_overhead,929,943,0.15,10719.32
epc_overhead,93,100,0.15,421678.71
epc_overhead,93,97,0.15,27650.21
epc_overhead,930,932,0.15,2143.86
epc_overhead,930,933,0.15,3111.27
epc_overhead,930,943,0.15,434610.30
epc_overhead,930,944,0.15,10719.32
epc_overhead,930,948,0.15,40733.43
epc_overhead,930,953,0.15,34301.84
epc_overhead,931,933,0.15,777.82
epc_overhead,931,940,0.15,55300.41
epc_overhead,931,945,0.15,10719.32
epc_overhead,931,954,0.15,17150.92
epc_overhead,932,934,0.15,6431.58
epc_overhead,932,943,0.15,25726.38
epc_overhead,932,946,0.15,21438.64
epc_overhead,932,950,0.15,13577.81
epc_overhead,932,955,0.15,17150.92
epc_overhead,932,960,0.15,20724.02
epc_overhead,933,937,0.15,27650.21
epc_overhead,933,947,0.15,10719.32
epc_overhead,933,951,0.15,13577.81
epc_overhead,933,956,0.15,17150.92
epc_overhead,934,936,0.15,2143.86
epc_overhead,934,937,0.15,3111.27
epc_overhead,934,943,0.15,155217.96
epc_overhead,934,945,0.15,17150.92
epc_overhead,934,948,0.15,10719.32
epc_overhead,934,952,0.15,27155.62
epc_overhead,935,937,0.15,2921.68
epc_overhead,935,949,0.15,10719.32
epc_overhead,935,953,0.15,13577.81
epc_overhead,935,958,0.15,51452.76
epc_overhead,936,938,0.15,4287.72
epc_overhead,936,950,0.15,10719.32
epc_overhead,937,939,0.15,2143.86
epc_overhead,937,948,0.15,25726.38
epc_overhead,937,949,0.15,685227.9
epc_overhead,937,951,0.15,10719.32
epc_overhead,937,955,0.15,27155.62
epc_overhead,937,960,0.15,17150.92
epc_overhead,937,965,0.15,103620.10
epc_overhead,938,941,0.15,3111.27
epc_overhead,938,945,0.15,421678.71
epc_overhead,938,947,0.15,210518.37
epc_overhead,938,952,0.15,10719.32
epc_overhead,938,956,0.15,13577.81
epc_overhead,938,961,0.15,17150.92
epc_overhead,939,941,0.15,5843.36
epc_overhead,939,950,0.15,17150.92
epc_overhead,939,953,0.15,10719.32
epc_overhead,939,957,0.15,13577.81
epc_overhead,939,962,0.15,34301.84
epc_overhead,940,942,0.15,2143.86
epc_overhead,940,949,0.15,527098.39
epc_overhead,940,954,0.15,10719.32
epc_overhead,940,958,0.15,13577.81
epc_overhead,940,963,0.15,17150.92
epc_overhead,941,943,0.15,2143.86
epc_overhead,941,945,0.15,27650.21
epc_overhead,941,952,0.15,25726.38
epc_overhead,941,955,0.15,10719.32
epc_overhead,941,969,0.15,103620.10
epc_overhead,942,943,0.15,105419.68
epc_overhead,942,944,0.15,2143.86
epc_overhead,942,945,0.15,3111.27
epc_overhead,942,956,0.15,10719.32
epc_overhead,942,960,0.15,40733.43
epc_overhead,942,965,0.15,34301.84
epc_overhead,943,945,0.15,777.82
epc_overhead,943,957,0.15,10719.32
epc_overhead,943,966,0.15,17150.92
epc_overhead,944,946,0.15,6431.58
epc_overhead,944,953,0.15,155217.96
epc_overhead,944,955,0.15,17150.92
epc_overhead,944,957,0.15,434610.30
epc_overhead,944,958,0.15,10719.32
epc_overhead,944,962,0.15,13577.81
epc_overhead,944,967,0.15,17150.92
epc_overhead,945,956,0.15,8575.46
epc_overhead,945,959,0.15,10719.32
epc_overhead,945,963,0.15,13577.81
epc_overhead,945,968,0.15,17150.92
epc_overhead,945,973,0.15,103620.10
epc_overhead,946,948,0.15,2143.86
epc_overhead,946,949,0.15,3111.27
epc_overhead,946,955,0.15,55300.41
epc_overhead,946,957,0.15,17150.92
epc_overhead,946,960,0.15,10719.32
epc_overhead,947,949,0.15,2921.68
epc_overhead,947,961,0.15,21438.64
epc_overhead,947,965,0.15,40733.43
epc_overhead,947,970,0.15,51452.76
epc_overhead,948,952,0.15,27650.21
epc_overhead,948,955,0.15,421678.71
epc_overhead,948,957,0.15,155217.96
epc_overhead,948,962,0.15,10719.32
epc_overhead,949,951,0.15,6431.58
epc_overhead,949,960,0.15,25726.38
epc_overhead,949,963,0.15,10719.32
epc_overhead,949,967,0.15,13577.81
epc_overhead,949,972,0.15,17150.92
epc_overhead,949,977,0.15,103620.10
epc_overhead,950,953,0.15,3111.27
epc_overhead,950,959,0.15,527098.39
epc_overhead,950,964,0.15,10719.32
epc_overhead,950,968,0.15,13577.81
epc_overhead,950,973,0.15,17150.92
epc_overhead,951,953,0.15,2143.86
epc_overhead,951,962,0.15,17150.92
epc_overhead,951,965,0.15,10719.32
epc_overhead,951,969,0.15,27155.62
epc_overhead,952,954,0.15,2143.86
epc_overhead,952,966,0.15,10719.32
epc_overhead,952,970,0.15,13577.81
epc_overhead,952,975,0.15,51452.76
epc_overhead,953,955,0.15,4287.72
epc_overhead,953,962,0.15,55300.41
epc_overhead,953,964,0.15,25726.38
epc_overhead,953,967,0.15,10719.32
epc_overhead,953,981,0.15,82896.08
epc_overhead,954,956,0.15,2143.86
epc_overhead,954,968,0.15,10719.32
epc_overhead,954,972,0.15,27155.62
epc_overhead,954,977,0.15,17150.92
epc_overhead,955,969,0.15,10719.32
epc_overhead,955,973,0.15,13577.81
epc_overhead,955,978,0.15,17150.92
epc_overhead,956,957,0.15,105419.68
epc_overhead,956,958,0.15,4287.72
epc_overhead,956,960,0.15,27650.21
epc_overhead,956,963,0.15,421678.71
epc_overhead,956,967,0.15,17150.92
epc_overhead,956,970,0.15,10719.32
epc_overhead,956,974,0.15,13577.81
epc_overhead,956,979,0.15,34301.84
epc_overhead,957,959,0.15,2921.68
epc_overhead,957,968,0.15,8575.46
epc_overhead,957,971,0.15,10719.32
epc_overhead,957,975,0.15,13577.81
epc_overhead,957,980,0.15,17150.92
epc_overhead,958,960,0.15,2143.86
epc_overhead,958,967,0.15,310435.92
epc_overhead,958,969,0.15,17150.92
epc_overhead,958,971,0.15,434610.30
epc_overhead,958,972,0.15,10719.32
epc_overhead,959,961,0.15,2143.86
epc_overhead,959,973,0.15,10719.32
epc_overhead,959,977,0.15,40733.43
epc_overhead,959,982,0.15,34301.84
epc_overhead,960,963,0.15,3111.27
epc_overhead,960,974,0.15,10719.32
epc_overhead,960,983,0.15,17150.92
epc_overhead,961,963,0.15,7209.40
epc_overhead,961,970,0.15,55300.41
epc_overhead,961,972,0.15,25726.38
epc_overhead,961,975,0.15,10719.32
epc_overhead,961,979,0.15,13577.81
epc_overhead,961,984,0.15,17150.92
epc_overhead,962,969,0.15,421678.71
epc_overhead,962,976,0.15,21438.64
epc_overhead,962,980,0.15,13577.81
epc_overhead,962,985,0.15,17150.92
epc_overhead,963,965,0.15,2143.86
epc_overhead,963,967,0.15,27650.21
epc_overhead,963,974,0.15,17150.92
epc_overhead,963,977,0.15,10719.32
epc_overhead,963,981,0.15,27155.62
epc_overhead,964,966,0.15,2143.86
epc_overhead,964,967,0.15,4148.36
epc_overhead,964,978,0.15,10719.32
epc_overhead,964,982,0.15,13577.81
epc_overhead,964,987,0.15,51452.76
epc_overhead,965,967,0.15,4287.72
epc_overhead,965,979,0.15,10719.32
epc_overhead,966,968,0.15,2143.86
epc_overhead,966,977,0.15,25726.38
epc_overhead,966,980,0.15,10719.32
epc_overhead,966,984,0.15,27155.62
epc_overhead,966,989,0.15,17150.92
epc_overhead,967,981,0.15,10719.32
epc_overhead,967,985,0.15,13577.81
epc_overhead,967,990,0.15,17150.92
epc_overhead,968,970,0.15,4287.72
epc_overhead,968,979,0.15,17150.92
epc_overhead,968,982,0.15,10719.32
epc_overhead,968,986,0.15,13577.81
epc_overhead,968,991,0.15,34301.84
epc_overhead,969,971,0.15,2143.86
epc_overhead,969,983,0.15,10719.32
epc_overhead,969,987,0.15,13577.81
epc_overhead,969,992,0.15,17150.92
epc_overhead,970,971,0.15,210839.36
epc_overhead,970,972,0.15,2143.86
epc_overhead,970,981,0.15,25726.38
epc_overhead,970,984,0.15,10719.32
epc_overhead,971,973,0.15,2143.86
epc_overhead,971,975,0.15,27650.21
epc_overhead,971,985,0.15,10719.32
epc_overhead,971,989,0.15,40733.43
epc_overhead,971,994,0.15,34301.84
epc_overhead,972,985,0.15,434610.30
epc_overhead,972,986,0.15,10719.32
epc_overhead,972,995,0.15,17150.92
epc_overhead,973,975,0.15,6431.58
epc_overhead,973,978,0.15,316259.03
epc_overhead,973,984,0.15,17150.92
epc_overhead,973,987,0.15,10719.32
epc_overhead,973,991,0.15,13577.81
epc_overhead,973,996,0.15,17150.92
epc_overhead,974,985,0.15,8575.46
epc_overhead,974,988,0.15,10719.32
epc_overhead,974,992,0.15,13577.81
epc_overhead,974,997,0.15,17150.92
epc_overhead,975,977,0.15,2143.86
epc_overhead,975,986,0.15,17150.92
epc_overhead,975,989,0.15,10719.32
epc_overhead,976,978,0.15,2143.86
epc_overhead,976,985,0.15,110600.82
epc_overhead,976,990,0.15,10719.32
epc_overhead,976,994,0.15,40733.43
epc_overhead,976,999,0.15,51452.76
epc_overhead,977,982,0.15,316259.03
epc_overhead,977,991,0.15,21438.64
epc_overhead,978,1001,0.15,17150.92
epc_overhead,978,980,0.15,6431.58
epc_overhead,978,989,0.15,25726.38
epc_overhead,978,992,0.15,10719.32
epc_overhead,978,996,0.15,13577.81
epc_overhead,979,1002,0.15,17150.92
epc_overhead,979,981,0.15,158129.52
epc_overhead,979,993,0.15,10719.32
epc_overhead,979,997,0.15,13577.81
epc_overhead,98,107,0.15,55300.41
epc_overhead,980,982,0.15,2143.86
epc_overhead,980,991,0.15,17150.92
epc_overhead,980,994,0.15,10719.32
epc_overhead,980,998,0.15,27155.62
epc_overhead,981,1004,0.15,51452.76
epc_overhead,981,983,0.15,2143.86
epc_overhead,981,995,0.15,10719.32
epc_overhead,981,999,0.15,13577.81
epc_overhead,982,984,0.15,4287.72
epc_overhead,982,993,0.15,25726.38
epc_overhead,982,996,0.15,801366.90
epc_overhead,983,1001,0.15,27155.62
epc_overhead,983,1006,0.15,17150.92
epc_overhead,983,983,0.15,52709.84
epc_overhead,983,985,0.15,2143.86
epc_overhead,983,997,0.15,10719.32
epc_overhead,984,1002,0.15,13577.81
epc_overhead,984,1007,0.15,17150.92
epc_overhead,984,984,0.15,52709.84
epc_overhead,984,991,0.15,421678.71
epc_overhead,984,993,0.15,155217.96
epc_overhead,984,998,0.15,10719.32
epc_overhead,985,1003,0.15,13577.81
epc_overhead,985,1008,0.15,34301.84
epc_overhead,985,986,0.15,105419.68
epc_overhead,985,987,0.15,4287.72
epc_overhead,985,996,0.15,17150.92
epc_overhead,985,999,0.15,10719.32
epc_overhead,986,1000,0.15,10719.32
epc_overhead,986,1004,0.15,13577.81
epc_overhead,986,1009,0.15,17150.92
epc_overhead,986,988,0.15,2143.86
epc_overhead,986,990,0.15,55300.42
epc_overhead,986,997,0.15,8575.46
epc_overhead,986,999,0.15,434610.30
epc_overhead,987,1001,0.15,10719.32
epc_overhead,987,989,0.15,2143.86
epc_overhead,987,996,0.15,527098.39
epc_overhead,988,1002,0.15,10719.32
epc_overhead,988,1006,0.15,40733.43
epc_overhead,988,1011,0.15,34301.84
epc_overhead,988,990,0.15,2143.86
epc_overhead,989,1003,0.15,10719.32
epc_overhead,989,1012,0.15,17150.92
epc_overhead,990,1004,0.15,10719.32
epc_overhead,990,1008,0.15,13577.81
epc_overhead,990,1013,0.15,17150.92
epc_overhead,990,992,0.15,6431.58
epc_overhead,991,1000,0.15,110600.82
epc_overhead,991,1005,0.15,10719.32
epc_overhead,991,1009,0.15,13577.81
epc_overhead,991,1014,0.15,17150.92
epc_overhead,992,1006,0.15,21438.64
epc_overhead,992,1010,0.15,27155.62
epc_overhead,992,994,0.15,2143.86
epc_overhead,992,997,0.15,316259.03
epc_overhead,993,1007,0.15,10719.32
epc_overhead,993,1011,0.15,13577.81
epc_overhead,993,1016,0.15,51452.76
epc_overhead,993,995,0.15,2143.86
epc_overhead,994,1003,0.15,310435.92
epc_overhead,994,1008,0.15,10719.32
epc_overhead,994,996,0.15,4287.72
epc_overhead,995,1009,0.15,10719.32
epc_overhead,995,1013,0.15,27155.62
epc_overhead,995,1018,0.15,17150.92
epc_overhead,995,997,0.15,2143.86
epc_overhead,996,1010,0.15,10719.32
epc_overhead,996,1014,0.15,13577.81
epc_overhead,996,1019,0.15,17150.92
epc_overhead,997,1011,0.15,10719.32
epc_overhead,997,1015,0.15,13577.81
epc_overhead,997,1020,0.15,34301.84
epc_overhead,997,999,0.15,320546.76
epc_overhead,998,1000,0.15,2143.86
epc_overhead,998,1003,0.15,316259.03
epc_overhead,998,1012,0.15,801366.90
epc_overhead,998,1016,0.15,13577.81
epc_overhead,998,1021,0.15,17150.92
epc_overhead,999,1013,0.15,10719.32
rolling_stock,1000,1014,0.35,158281.24
rolling_stock,1000,1018,0.35,601468.71
rolling_stock,1000,1023,0.35,506499.96
rolling_stock,1001,1015,0.35,158281.24
rolling_stock,1001,1024,0.35,253249.98
rolling_stock,1002,1016,0.35,158281.24
rolling_stock,1002,1020,0.35,200489.57
rolling_stock,1003,1017,0.35,158281.24
rolling_stock,1003,1021,0.35,200489.57
rolling_stock,1004,1018,0.35,158281.24
rolling_stock,1005,1019,0.35,158281.24
rolling_stock,1005,1023,0.35,601468.71
rolling_stock,1006,1020,0.35,158281.24
rolling_stock,1007,1021,0.35,316562.48
rolling_stock,1007,1025,0.35,200489.57
rolling_stock,1008,1022,0.35,158281.24
rolling_stock,1008,1026,0.35,200489.57
rolling_stock,1009,1023,0.35,158281.24
rolling_stock,1009,1027,0.35,400979.14
rolling_stock,1010,1024,0.35,158281.24
rolling_stock,1010,1028,0.35,200489.57
rolling_stock,1011,1025,0.35,158281.24
rolling_stock,1012,1026,0.35,158281.24
rolling_stock,1012,1030,0.35,400979.14
rolling_stock,1013,1027,0.35,158281.24
rolling_stock,1013,1031,0.35,200489.57
rolling_stock,1014,1028,0.35,158281.24
rolling_stock,1014,1032,0.35,200489.57
rolling_stock,1015,1029,0.35,158281.24
rolling_stock,1015,1033,0.35,200489.57
rolling_stock,1016,1030,0.35,158281.24
rolling_stock,1017,1031,0.35,158281.24
rolling_stock,1017,1035,0.35,601468.71
rolling_stock,1018,1032,0.35,158281.24
rolling_stock,1019,1033,0.35,158281.24
rolling_stock,1019,1037,0.35,200489.57
rolling_stock,1020,1034,0.35,158281.24
rolling_stock,1020,1038,0.35,200489.57
rolling_stock,1021,1035,0.35,158281.24
rolling_stock,1021,1039,0.35,400979.14
rolling_stock,1022,1036,0.35,316562.48
rolling_stock,1022,1040,0.35,200489.57
rolling_stock,1023,1037,0.35,158281.24
rolling_stock,1024,1038,0.35,158281.24
rolling_stock,1024,1042,0.35,400979.14
rolling_stock,1025,1039,0.35,158281.24
rolling_stock,1025,1043,0.35,200489.57
rolling_stock,1026,1040,0.35,158281.24
rolling_stock,1027,1041,0.35,158281.24
rolling_stock,1028,1042,0.35,158281.24
rolling_stock,1029,1043,0.35,158281.24
rolling_stock,1030,1044,0.35,158281.24
rolling_stock,1031,1045,0.35,158281.24
rolling_stock,1032,1046,0.35,158281.24
rolling_stock,1033,1047,0.35,158281.24
rolling_stock,1034,1048,0.35,158281.24
rolling_stock,1035,1049,0.35,158281.24
rolling_stock,1036,1050,0.35,158281.24
rolling_stock,1037,1051,0.35,316562.48
rolling_stock,1038,1052,0.35,158281.24
rolling_stock,1039,1053,0.35,158281.24
rolling_stock,1040,1054,0.35,158281.24
rolling_stock,1041,1055,0.35,158281.24
rolling_stock,1042,1056,0.35,158281.24
rolling_stock,1043,1057,0.35,158281.24
rolling_stock,1044,1058,0.35,158281.24
rolling_stock,1045,1059,0.35,158281.24
rolling_stock,1046,1060,0.35,158275.3
rolling_stock,390,393,0.35,42208.33
rolling_stock,394,422,0.35,306010.39
rolling_stock,423,434,0.35,126624.99
rolling_stock,435,437,0.35,31656.25
rolling_stock,438,461,0.35,253249.98
rolling_stock,462,480,0.35,200489.57
rolling_stock,481,555,0.35,791406.18
rolling_stock,556,559,0.35,211041.65
rolling_stock,560,563,0.35,211041.65
rolling_stock,560,588,0.35,1530051.95
rolling_stock,564,567,0.35,211041.65
rolling_stock,564,592,0.35,1530051.95
rolling_stock,568,571,0.35,211041.65
rolling_stock,568,596,0.35,1530051.95
rolling_stock,572,575,0.35,211041.65
rolling_stock,572,600,0.35,1530051.95
rolling_stock,576,579,0.35,211041.65
rolling_stock,576,604,0.35,1530051.95
rolling_stock,580,583,0.35,211041.65
rolling_stock,580,608,0.35,1530051.95
rolling_stock,584,587,0.35,211041.65
rolling_stock,584,612,0.35,306010.39
rolling_stock,588,591,0.35,211041.65
rolling_stock,589,600,0.35,633124.95
rolling_stock,589,617,0.35,1530051.95
rolling_stock,592,595,0.35,211041.65
rolling_stock,593,604,0.35,633124.95
rolling_stock,593,621,0.35,1530051.95
rolling_stock,596,599,0.35,211041.65
rolling_stock,597,608,0.35,379874.97
rolling_stock,597,625,0.35,1530051.95
rolling_stock,600,603,0.35,211041.65
rolling_stock,601,603,0.35,126625.00
rolling_stock,601,612,0.35,633124.95
rolling_stock,601,629,0.35,1530051.95
rolling_stock,604,606,0.35,31656.25
rolling_stock,604,607,0.35,211041.65
rolling_stock,604,627,0.35,1012999.92
rolling_stock,605,607,0.35,94968.75
rolling_stock,605,616,0.35,633124.95
rolling_stock,605,633,0.35,1530051.95
rolling_stock,607,609,0.35,31656.25
rolling_stock,607,630,0.35,253249.98
rolling_stock,608,610,0.35,31656.25
rolling_stock,608,611,0.35,211041.65
rolling_stock,608,631,0.35,759749.94
rolling_stock,609,611,0.35,63312.50
rolling_stock,609,620,0.35,379874.97
rolling_stock,609,637,0.35,1530051.95
rolling_stock,610,612,0.35,31656.25
rolling_stock,610,633,0.35,253249.98
rolling_stock,611,634,0.35,253249.98
rolling_stock,612,615,0.35,211041.65
rolling_stock,612,635,0.35,506499.96
rolling_stock,613,615,0.35,126625.00
rolling_stock,613,624,0.35,633124.95
rolling_stock,613,636,0.35,253249.98
rolling_stock,613,641,0.35,306010.39
rolling_stock,616,618,0.35,31656.25
rolling_stock,616,619,0.35,211041.65
rolling_stock,616,639,0.35,1012999.92
rolling_stock,617,619,0.35,94968.75
rolling_stock,618,629,0.35,633124.95
rolling_stock,618,646,0.35,1530051.95
rolling_stock,619,621,0.35,31656.25
rolling_stock,619,642,0.35,253249.98
rolling_stock,620,622,0.35,31656.25
rolling_stock,620,623,0.35,211041.65
rolling_stock,620,643,0.35,759749.94
rolling_stock,621,623,0.35,63312.50
rolling_stock,622,624,0.35,31656.25
rolling_stock,622,633,0.35,379874.97
rolling_stock,622,645,0.35,253249.98
rolling_stock,622,650,0.35,1530051.95
rolling_stock,623,646,0.35,253249.98
rolling_stock,624,627,0.35,211041.65
rolling_stock,624,647,0.35,506499.96
rolling_stock,625,627,0.35,126625.00
rolling_stock,625,636,0.35,253249.98
rolling_stock,625,648,0.35,253249.98
rolling_stock,626,637,0.35,379874.97
rolling_stock,626,654,0.35,1530051.95
rolling_stock,628,630,0.35,31656.25
rolling_stock,628,631,0.35,211041.65
rolling_stock,628,646,0.35,801958.28
rolling_stock,628,651,0.35,1012999.92
rolling_stock,630,632,0.35,94968.75
rolling_stock,630,641,0.35,633124.95
rolling_stock,630,658,0.35,1530051.95
rolling_stock,631,633,0.35,31656.25
rolling_stock,631,649,0.35,200489.57
rolling_stock,631,654,0.35,253249.98
rolling_stock,632,635,0.35,211041.65
rolling_stock,632,650,0.35,601468.71
rolling_stock,633,635,0.35,31656.25
rolling_stock,633,656,0.35,759749.94
rolling_stock,634,636,0.35,94968.75
rolling_stock,634,645,0.35,379874.97
rolling_stock,634,652,0.35,200489.57
rolling_stock,634,657,0.35,253249.98
rolling_stock,634,662,0.35,1530051.95
rolling_stock,635,653,0.35,200489.57
rolling_stock,636,639,0.35,211041.65
rolling_stock,636,654,0.35,400979.14
rolling_stock,636,659,0.35,253249.98
rolling_stock,637,639,0.35,63312.50
rolling_stock,637,648,0.35,253249.98
rolling_stock,637,655,0.35,200489.57
rolling_stock,637,660,0.35,759749.94
rolling_stock,638,640,0.35,63312.50
rolling_stock,638,649,0.35,379874.97
rolling_stock,638,666,0.35,1530051.95
rolling_stock,640,642,0.35,31656.25
rolling_stock,640,643,0.35,211041.65
rolling_stock,640,658,0.35,801958.28
rolling_stock,640,663,0.35,506499.96
rolling_stock,641,664,0.35,506499.96
rolling_stock,642,644,0.35,94968.75
rolling_stock,642,653,0.35,633124.95
rolling_stock,642,670,0.35,306010.39
rolling_stock,643,645,0.35,31656.25
rolling_stock,643,661,0.35,200489.57
rolling_stock,643,666,0.35,253249.98
rolling_stock,644,647,0.35,211041.65
rolling_stock,644,662,0.35,601468.71
rolling_stock,645,647,0.35,31656.25
rolling_stock,645,668,0.35,759749.94
rolling_stock,646,648,0.35,94968.75
rolling_stock,646,669,0.35,253249.98
rolling_stock,647,658,0.35,379874.97
rolling_stock,647,661,0.35,633124.96
rolling_stock,647,665,0.35,400979.14
rolling_stock,647,675,0.35,1530051.95
rolling_stock,648,651,0.35,211041.65
rolling_stock,648,666,0.35,400979.14
rolling_stock,648,671,0.35,253249.98
rolling_stock,649,651,0.35,63312.50
rolling_stock,649,660,0.35,253249.98
rolling_stock,649,672,0.35,759749.94
rolling_stock,650,652,0.35,63312.50
rolling_stock,650,664,0.35,158281.24
rolling_stock,650,668,0.35,200489.57
rolling_stock,651,662,0.35,379874.97
rolling_stock,651,665,0.35,474843.72
rolling_stock,651,679,0.35,1530051.95
rolling_stock,652,654,0.35,31656.25
rolling_stock,652,655,0.35,211041.65
rolling_stock,652,670,0.35,601468.71
rolling_stock,652,675,0.35,506499.96
rolling_stock,653,667,0.35,158281.24
rolling_stock,653,671,0.35,200489.57
rolling_stock,653,676,0.35,506499.96
rolling_stock,654,656,0.35,94968.75
rolling_stock,654,665,0.35,253249.98
rolling_stock,654,668,0.35,158281.24
rolling_stock,655,657,0.35,31656.25
rolling_stock,655,666,0.35,379874.97
rolling_stock,655,669,0.35,316562.48
rolling_stock,655,673,0.35,200489.57
rolling_stock,655,678,0.35,253249.98
rolling_stock,655,683,0.35,1530051.95
rolling_stock,656,659,0.35,211041.65
rolling_stock,656,670,0.35,158281.24
rolling_stock,657,659,0.35,31656.25
rolling_stock,657,675,0.35,601468.71
rolling_stock,657,680,0.35,759749.94
rolling_stock,658,681,0.35,253249.98
rolling_stock,659,661,0.35,94968.75
rolling_stock,659,670,0.35,379874.97
rolling_stock,659,673,0.35,474843.72
rolling_stock,659,677,0.35,200489.57
rolling_stock,659,687,0.35,1530051.95
rolling_stock,660,663,0.35,211041.65
rolling_stock,660,678,0.35,200489.57
rolling_stock,660,683,0.35,253249.98
rolling_stock,661,663,0.35,31656.25
rolling_stock,661,672,0.35,253249.98
rolling_stock,661,679,0.35,400979.14
rolling_stock,662,664,0.35,31656.25
rolling_stock,662,676,0.35,316562.48
rolling_stock,662,680,0.35,200489.57
rolling_stock,662,685,0.35,759749.94
rolling_stock,663,665,0.35,63312.50
rolling_stock,663,674,0.35,379874.97
rolling_stock,663,677,0.35,316562.48
rolling_stock,663,691,0.35,1530051.95
rolling_stock,664,666,0.35,31656.25
rolling_stock,664,667,0.35,211041.65
rolling_stock,664,682,0.35,400979.14
rolling_stock,664,687,0.35,253249.98
rolling_stock,665,679,0.35,158281.24
rolling_stock,665,683,0.35,200489.57
rolling_stock,665,688,0.35,253249.98
rolling_stock,666,668,0.35,63312.50
rolling_stock,666,677,0.35,253249.98
rolling_stock,666,680,0.35,316562.48
rolling_stock,666,684,0.35,200489.57
rolling_stock,666,689,0.35,506499.96
rolling_stock,667,669,0.35,63312.50
rolling_stock,667,678,0.35,379874.97
rolling_stock,667,681,0.35,158281.24
rolling_stock,667,685,0.35,200489.57
rolling_stock,667,690,0.35,253249.98
rolling_stock,667,695,0.35,1530051.95
rolling_stock,668,671,0.35,211041.65
rolling_stock,668,682,0.35,158281.24
rolling_stock,669,671,0.35,31656.25
rolling_stock,669,683,0.35,158281.24
rolling_stock,669,687,0.35,601468.71
rolling_stock,669,692,0.35,506499.96
rolling_stock,670,693,0.35,506499.96
rolling_stock,671,673,0.35,94968.75
rolling_stock,671,682,0.35,379874.97
rolling_stock,671,685,0.35,474843.72
rolling_stock,671,689,0.35,200489.57
rolling_stock,671,699,0.35,306010.39
rolling_stock,672,675,0.35,211041.65
rolling_stock,672,690,0.35,200489.57
rolling_stock,672,695,0.35,253249.98
rolling_stock,673,675,0.35,31656.25
rolling_stock,673,684,0.35,253249.98
rolling_stock,673,691,0.35,400979.14
rolling_stock,674,676,0.35,31656.25
rolling_stock,674,688,0.35,316562.48
rolling_stock,674,692,0.35,200489.57
rolling_stock,674,697,0.35,759749.94
rolling_stock,675,677,0.35,63312.50
rolling_stock,676,678,0.35,31656.25
rolling_stock,676,679,0.35,211041.65
rolling_stock,676,687,0.35,379874.97
rolling_stock,676,690,0.35,158281.24
rolling_stock,676,694,0.35,400979.14
rolling_stock,676,699,0.35,253249.98
rolling_stock,676,704,0.35,1530051.95
rolling_stock,677,691,0.35,316562.48
rolling_stock,677,695,0.35,200489.57
rolling_stock,677,700,0.35,253249.98
rolling_stock,678,680,0.35,63312.50
rolling_stock,678,689,0.35,253249.98
rolling_stock,678,692,0.35,158281.24
rolling_stock,678,696,0.35,200489.57
rolling_stock,678,701,0.35,506499.96
rolling_stock,679,681,0.35,63312.50
rolling_stock,679,693,0.35,158281.24
rolling_stock,679,697,0.35,200489.57
rolling_stock,679,702,0.35,253249.98
rolling_stock,680,683,0.35,211041.65
rolling_stock,680,691,0.35,379874.97
rolling_stock,680,694,0.35,158281.24
rolling_stock,680,708,0.35,1530051.95
rolling_stock,681,683,0.35,31656.25
rolling_stock,681,695,0.35,316562.48
rolling_stock,681,699,0.35,601468.71
rolling_stock,681,704,0.35,506499.96
rolling_stock,682,705,0.35,506499.96
rolling_stock,683,685,0.35,94968.75
rolling_stock,683,694,0.35,253249.98
rolling_stock,683,697,0.35,316562.48
rolling_stock,683,701,0.35,200489.57
rolling_stock,684,687,0.35,211041.65
rolling_stock,684,695,0.35,126624.99
rolling_stock,684,698,0.35,158281.24
rolling_stock,684,702,0.35,200489.57
rolling_stock,684,707,0.35,253249.98
rolling_stock,684,712,0.35,1530051.95
rolling_stock,685,687,0.35,31656.25
rolling_stock,685,696,0.35,253249.98
rolling_stock,686,688,0.35,31656.25
rolling_stock,686,700,0.35,316562.48
rolling_stock,686,704,0.35,601468.71
rolling_stock,686,709,0.35,759749.94
rolling_stock,688,690,0.35,94968.75
rolling_stock,688,691,0.35,211041.65
rolling_stock,688,699,0.35,379874.97
rolling_stock,688,702,0.35,158281.24
rolling_stock,688,706,0.35,200489.57
rolling_stock,688,711,0.35,253249.98
rolling_stock,688,716,0.35,1530051.95
rolling_stock,689,703,0.35,316562.48
rolling_stock,689,707,0.35,200489.57
rolling_stock,689,712,0.35,253249.98
rolling_stock,690,692,0.35,31656.25
rolling_stock,690,701,0.35,253249.98
rolling_stock,690,708,0.35,400979.14
rolling_stock,691,693,0.35,31656.25
rolling_stock,691,705,0.35,158281.24
rolling_stock,691,709,0.35,200489.57
rolling_stock,691,714,0.35,759749.94
rolling_stock,692,694,0.35,63312.50
rolling_stock,692,695,0.35,211041.65
rolling_stock,692,703,0.35,379874.97
rolling_stock,692,706,0.35,316562.48
rolling_stock,692,720,0.35,1530051.95
rolling_stock,693,695,0.35,31656.25
rolling_stock,693,707,0.35,158281.24
rolling_stock,693,711,0.35,400979.14
rolling_stock,693,716,0.35,253249.98
rolling_stock,694,708,0.35,158281.24
rolling_stock,694,712,0.35,200489.57
rolling_stock,694,717,0.35,253249.98
rolling_stock,695,697,0.35,63312.50
rolling_stock,695,706,0.35,253249.98
rolling_stock,695,709,0.35,158281.24
rolling_stock,695,713,0.35,200489.57
rolling_stock,695,718,0.35,506499.96
rolling_stock,696,698,0.35,31656.25
rolling_stock,696,699,0.35,211041.65
rolling_stock,696,707,0.35,126624.99
rolling_stock,696,710,0.35,316562.48
rolling_stock,696,714,0.35,200489.57
rolling_stock,696,719,0.35,253249.98
rolling_stock,696,724,0.35,1530051.95
rolling_stock,697,699,0.35,31656.25
rolling_stock,697,708,0.35,253249.98
rolling_stock,698,700,0.35,31656.25
rolling_stock,698,712,0.35,316562.48
rolling_stock,698,716,0.35,601468.71
rolling_stock,698,721,0.35,506499.96
rolling_stock,699,722,0.35,253249.98
rolling_stock,700,702,0.35,94968.75
rolling_stock,700,703,0.35,211041.65
rolling_stock,700,711,0.35,379874.97
rolling_stock,700,714,0.35,158281.24
rolling_stock,700,718,0.35,200489.57
rolling_stock,700,723,0.35,253249.98
rolling_stock,700,728,0.35,306010.39
rolling_stock,701,715,0.35,316562.48
rolling_stock,701,719,0.35,200489.57
rolling_stock,701,724,0.35,253249.98
rolling_stock,702,704,0.35,31656.25
rolling_stock,702,713,0.35,253249.98
rolling_stock,702,720,0.35,400979.14
rolling_stock,703,705,0.35,31656.25
rolling_stock,703,717,0.35,158281.24
rolling_stock,703,721,0.35,200489.57
rolling_stock,703,726,0.35,759749.94
rolling_stock,704,706,0.35,63312.50
rolling_stock,704,707,0.35,211041.65
rolling_stock,704,718,0.35,158281.24
rolling_stock,705,707,0.35,31656.25
rolling_stock,705,716,0.35,379874.97
rolling_stock,705,719,0.35,158281.24
rolling_stock,705,723,0.35,400979.14
rolling_stock,705,728,0.35,253249.98
rolling_stock,705,733,0.35,1530051.95
rolling_stock,706,720,0.35,158281.24
rolling_stock,706,724,0.35,200489.57
rolling_stock,706,729,0.35,253249.98
rolling_stock,707,709,0.35,63312.50
rolling_stock,707,718,0.35,253249.98
rolling_stock,707,721,0.35,316562.48
rolling_stock,707,725,0.35,200489.57
rolling_stock,707,730,0.35,506499.96
rolling_stock,708,710,0.35,31656.25
rolling_stock,708,711,0.35,211041.65
rolling_stock,708,722,0.35,158281.24
rolling_stock,708,726,0.35,200489.57
rolling_stock,708,731,0.35,253249.98
rolling_stock,709,711,0.35,31656.25
rolling_stock,709,720,0.35,379874.97
rolling_stock,709,723,0.35,158281.24
rolling_stock,709,737,0.35,1530051.95
rolling_stock,710,712,0.35,31656.25
rolling_stock,710,724,0.35,158281.24
rolling_stock,710,728,0.35,601468.71
rolling_stock,710,733,0.35,506499.96
rolling_stock,711,725,0.35,158281.24
rolling_stock,711,734,0.35,253249.98
rolling_stock,712,714,0.35,94968.75
rolling_stock,712,715,0.35,211041.65
rolling_stock,712,723,0.35,253249.98
rolling_stock,712,726,0.35,158281.24
rolling_stock,712,730,0.35,200489.57
rolling_stock,712,735,0.35,253249.98
rolling_stock,713,724,0.35,126624.99
rolling_stock,713,727,0.35,316562.48
rolling_stock,713,731,0.35,200489.57
rolling_stock,713,736,0.35,253249.98
rolling_stock,713,741,0.35,1530051.95
rolling_stock,714,716,0.35,31656.25
rolling_stock,714,725,0.35,253249.98
rolling_stock,715,717,0.35,31656.25
rolling_stock,715,729,0.35,158281.24
rolling_stock,715,733,0.35,601468.71
rolling_stock,715,738,0.35,759749.94
rolling_stock,716,719,0.35,211041.65
rolling_stock,716,730,0.35,158281.24
rolling_stock,717,719,0.35,94968.75
rolling_stock,717,728,0.35,379874.97
rolling_stock,717,731,0.35,158281.24
rolling_stock,717,735,0.35,200489.57
rolling_stock,717,740,0.35,253249.98
rolling_stock,717,745,0.35,1530051.95
rolling_stock,718,732,0.35,158281.24
rolling_stock,718,736,0.35,200489.57
rolling_stock,718,741,0.35,253249.98
rolling_stock,719,721,0.35,31656.25
rolling_stock,719,730,0.35,253249.98
rolling_stock,719,733,0.35,158281.24
rolling_stock,719,737,0.35,400979.14
rolling_stock,720,722,0.35,31656.25
rolling_stock,720,723,0.35,211041.65
rolling_stock,720,734,0.35,158281.24
rolling_stock,720,738,0.35,200489.57
rolling_stock,720,743,0.35,759749.94
rolling_stock,721,723,0.35,63312.50
rolling_stock,721,732,0.35,379874.97
rolling_stock,721,735,0.35,158281.24
rolling_stock,721,749,0.35,1530051.95
rolling_stock,722,724,0.35,31656.25
rolling_stock,722,736,0.35,316562.48
rolling_stock,722,740,0.35,400979.14
rolling_stock,722,745,0.35,253249.98
rolling_stock,723,737,0.35,158281.24
rolling_stock,723,741,0.35,200489.57
rolling_stock,723,746,0.35,253249.98
rolling_stock,724,726,0.35,63312.50
rolling_stock,724,727,0.35,211041.65
rolling_stock,724,735,0.35,253249.98
rolling_stock,724,738,0.35,158281.24
rolling_stock,724,742,0.35,200489.57
rolling_stock,724,747,0.35,506499.96
rolling_stock,725,727,0.35,31656.25
rolling_stock,725,736,0.35,126624.99
rolling_stock,725,739,0.35,158281.24
rolling_stock,725,743,0.35,200489.57
rolling_stock,725,748,0.35,253249.98
rolling_stock,725,753,0.35,1530051.95
rolling_stock,726,728,0.35,31656.25
rolling_stock,726,737,0.35,253249.98
rolling_stock,726,740,0.35,158281.24
rolling_stock,727,729,0.35,31656.25
rolling_stock,727,741,0.35,158281.24
rolling_stock,727,745,0.35,601468.71
rolling_stock,727,750,0.35,506499.96
rolling_stock,728,731,0.35,211041.65
rolling_stock,728,742,0.35,158281.24
rolling_stock,728,751,0.35,253249.98
rolling_stock,729,731,0.35,94968.75
rolling_stock,729,740,0.35,379874.97
rolling_stock,729,743,0.35,158281.24
rolling_stock,729,747,0.35,200489.57
rolling_stock,729,752,0.35,253249.98
rolling_stock,729,757,0.35,306010.39
rolling_stock,730,744,0.35,158281.24
rolling_stock,730,748,0.35,200489.57
rolling_stock,730,753,0.35,253249.98
rolling_stock,731,733,0.35,31656.25
rolling_stock,731,742,0.35,253249.98
rolling_stock,731,745,0.35,158281.24
rolling_stock,731,749,0.35,400979.14
rolling_stock,732,734,0.35,31656.25
rolling_stock,732,735,0.35,211041.65
rolling_stock,732,746,0.35,158281.24
rolling_stock,732,750,0.35,200489.57
rolling_stock,732,755,0.35,759749.94
rolling_stock,733,735,0.35,63312.50
rolling_stock,733,747,0.35,158281.24
rolling_stock,734,736,0.35,31656.25
rolling_stock,734,745,0.35,379874.97
rolling_stock,734,748,0.35,158281.24
rolling_stock,734,752,0.35,400979.14
rolling_stock,734,757,0.35,253249.98
rolling_stock,734,762,0.35,1530051.95
rolling_stock,735,749,0.35,158281.24
rolling_stock,735,753,0.35,200489.57
rolling_stock,735,758,0.35,253249.98
rolling_stock,736,738,0.35,63312.50
rolling_stock,736,739,0.35,211041.65
rolling_stock,736,747,0.35,253249.98
rolling_stock,736,750,0.35,158281.24
rolling_stock,736,754,0.35,200489.57
rolling_stock,736,759,0.35,506499.96
rolling_stock,737,739,0.35,31656.25
rolling_stock,737,751,0.35,316562.48
rolling_stock,737,755,0.35,200489.57
rolling_stock,737,760,0.35,253249.98
rolling_stock,738,740,0.35,31656.25
rolling_stock,738,749,0.35,379874.97
rolling_stock,738,752,0.35,158281.24
rolling_stock,738,766,0.35,1530051.95
rolling_stock,739,741,0.35,31656.25
rolling_stock,739,753,0.35,158281.24
rolling_stock,739,757,0.35,601468.71
rolling_stock,739,762,0.35,506499.96
rolling_stock,740,743,0.35,211041.65
rolling_stock,740,754,0.35,158281.24
rolling_stock,740,763,0.35,253249.98
rolling_stock,741,743,0.35,94968.75
rolling_stock,741,752,0.35,253249.98
rolling_stock,741,755,0.35,158281.24
rolling_stock,741,759,0.35,200489.57
rolling_stock,741,764,0.35,253249.98
rolling_stock,742,753,0.35,126624.99
rolling_stock,742,756,0.35,158281.24
rolling_stock,742,760,0.35,200489.57
rolling_stock,742,765,0.35,253249.98
rolling_stock,742,770,0.35,1530051.95
rolling_stock,743,745,0.35,31656.25
rolling_stock,743,754,0.35,253249.98
rolling_stock,743,757,0.35,158281.24
rolling_stock,744,746,0.35,31656.25
rolling_stock,744,747,0.35,211041.65
rolling_stock,744,758,0.35,158281.24
rolling_stock,744,762,0.35,601468.71
rolling_stock,744,767,0.35,759749.94
rolling_stock,745,759,0.35,158281.24
rolling_stock,746,748,0.35,94968.75
rolling_stock,746,757,0.35,379874.97
rolling_stock,746,760,0.35,158281.24
rolling_stock,746,764,0.35,200489.57
rolling_stock,746,769,0.35,253249.98
rolling_stock,746,774,0.35,1530051.95
rolling_stock,747,761,0.35,158281.24
rolling_stock,747,765,0.35,200489.57
rolling_stock,747,770,0.35,253249.98
rolling_stock,748,750,0.35,31656.25
rolling_stock,748,751,0.35,211041.65
rolling_stock,748,759,0.35,253249.98
rolling_stock,748,762,0.35,158281.24
rolling_stock,748,766,0.35,400979.14
rolling_stock,749,751,0.35,31656.25
rolling_stock,749,763,0.35,158281.24
rolling_stock,749,767,0.35,200489.57
rolling_stock,749,772,0.35,759749.94
rolling_stock,750,752,0.35,63312.50
rolling_stock,750,761,0.35,379874.97
rolling_stock,750,764,0.35,158281.24
rolling_stock,750,778,0.35,1530051.95
rolling_stock,751,753,0.35,31656.25
rolling_stock,751,765,0.35,158281.24
rolling_stock,751,769,0.35,400979.14
rolling_stock,751,774,0.35,253249.98
rolling_stock,752,755,0.35,211041.65
rolling_stock,752,766,0.35,316562.48
rolling_stock,752,770,0.35,200489.57
rolling_stock,752,775,0.35,253249.98
rolling_stock,753,755,0.35,63312.50
rolling_stock,753,764,0.35,253249.98
rolling_stock,753,767,0.35,158281.24
rolling_stock,753,771,0.35,200489.57
rolling_stock,753,776,0.35,506499.96
rolling_stock,754,756,0.35,31656.25
rolling_stock,754,765,0.35,126624.99
rolling_stock,754,768,0.35,158281.24
rolling_stock,754,772,0.35,200489.57
rolling_stock,754,777,0.35,253249.98
rolling_stock,754,782,0.35,1530051.95
rolling_stock,755,757,0.35,31656.25
rolling_stock,755,766,0.35,253249.98
rolling_stock,755,769,0.35,158281.24
rolling_stock,756,758,0.35,31656.25
rolling_stock,756,759,0.35,211041.65
rolling_stock,756,770,0.35,158281.24
rolling_stock,756,774,0.35,601468.71
rolling_stock,756,779,0.35,506499.96
rolling_stock,757,771,0.35,158281.24
rolling_stock,757,780,0.35,253249.98
rolling_stock,758,760,0.35,94968.75
rolling_stock,758,769,0.35,379874.97
rolling_stock,758,772,0.35,158281.24
rolling_stock,758,776,0.35,200489.57
rolling_stock,758,781,0.35,253249.98
rolling_stock,758,786,0.35,306010.39
rolling_stock,759,773,0.35,158281.24
rolling_stock,759,777,0.35,200489.57
rolling_stock,759,782,0.35,253249.98
rolling_stock,760,762,0.35,31656.25
rolling_stock,760,763,0.35,211041.65
rolling_stock,760,771,0.35,253249.98
rolling_stock,760,774,0.35,158281.24
rolling_stock,760,778,0.35,400979.14
rolling_stock,761,763,0.35,31656.25
rolling_stock,761,775,0.35,158281.24
rolling_stock,761,779,0.35,200489.57
rolling_stock,761,784,0.35,759749.94
rolling_stock,762,764,0.35,63312.50
rolling_stock,762,776,0.35,158281.24
rolling_stock,763,765,0.35,31656.25
rolling_stock,763,774,0.35,379874.97
rolling_stock,763,777,0.35,158281.24
rolling_stock,763,781,0.35,400979.14
rolling_stock,763,786,0.35,253249.98
rolling_stock,763,791,0.35,1530051.95
rolling_stock,764,767,0.35,211041.65
rolling_stock,764,778,0.35,158281.24
rolling_stock,764,782,0.35,200489.57
rolling_stock,764,787,0.35,253249.98
rolling_stock,765,767,0.35,63312.50
rolling_stock,765,776,0.35,253249.98
rolling_stock,765,779,0.35,158281.24
rolling_stock,765,783,0.35,200489.57
rolling_stock,765,788,0.35,506499.96
rolling_stock,766,768,0.35,31656.25
rolling_stock,766,780,0.35,158281.24
rolling_stock,766,784,0.35,200489.57
rolling_stock,766,789,0.35,253249.98
rolling_stock,767,769,0.35,31656.25
rolling_stock,767,778,0.35,379874.97
rolling_stock,767,781,0.35,316562.48
rolling_stock,767,795,0.35,1530051.95
rolling_stock,768,770,0.35,31656.25
rolling_stock,768,771,0.35,211041.65
rolling_stock,768,782,0.35,158281.24
rolling_stock,768,786,0.35,601468.71
rolling_stock,768,791,0.35,506499.96
rolling_stock,769,783,0.35,158281.24
rolling_stock,769,792,0.35,253249.98
rolling_stock,770,772,0.35,94968.75
rolling_stock,770,781,0.35,253249.98
rolling_stock,770,784,0.35,158281.24
rolling_stock,770,788,0.35,200489.57
rolling_stock,770,793,0.35,253249.98
rolling_stock,771,782,0.35,126624.99
rolling_stock,771,785,0.35,158281.24
rolling_stock,771,789,0.35,200489.57
rolling_stock,771,794,0.35,253249.98
rolling_stock,771,799,0.35,1530051.95
rolling_stock,772,774,0.35,31656.25
rolling_stock,772,775,0.35,211041.65
rolling_stock,772,783,0.35,253249.98
rolling_stock,772,786,0.35,158281.24
rolling_stock,773,775,0.35,31656.25
rolling_stock,773,787,0.35,158281.24
rolling_stock,773,791,0.35,601468.71
rolling_stock,773,796,0.35,759749.94
rolling_stock,774,788,0.35,158281.24
rolling_stock,775,777,0.35,94968.75
rolling_stock,775,786,0.35,379874.97
rolling_stock,775,789,0.35,158281.24
rolling_stock,775,793,0.35,200489.57
rolling_stock,775,798,0.35,253249.98
rolling_stock,775,803,0.35,1530051.95
rolling_stock,776,779,0.35,211041.65
rolling_stock,776,790,0.35,158281.24
rolling_stock,776,794,0.35,200489.57
rolling_stock,776,799,0.35,253249.98
rolling_stock,777,779,0.35,31656.25
rolling_stock,777,788,0.35,253249.98
rolling_stock,777,791,0.35,158281.24
rolling_stock,777,795,0.35,400979.14
rolling_stock,778,780,0.35,31656.25
rolling_stock,778,792,0.35,158281.24
rolling_stock,778,796,0.35,200489.57
rolling_stock,778,801,0.35,759749.94
rolling_stock,779,781,0.35,63312.50
rolling_stock,779,790,0.35,379874.97
rolling_stock,779,793,0.35,158281.24
rolling_stock,779,807,0.35,1530051.95
rolling_stock,780,782,0.35,31656.25
rolling_stock,780,783,0.35,211041.65
rolling_stock,780,794,0.35,158281.24
rolling_stock,780,798,0.35,400979.14
rolling_stock,780,803,0.35,253249.98
rolling_stock,781,795,0.35,158281.24
rolling_stock,781,799,0.35,200489.57
rolling_stock,781,804,0.35,253249.98
rolling_stock,782,784,0.35,63312.50
rolling_stock,782,793,0.35,253249.98
rolling_stock,782,796,0.35,316562.48
rolling_stock,782,800,0.35,200489.57
rolling_stock,782,805,0.35,506499.96
rolling_stock,783,785,0.35,31656.25
rolling_stock,783,794,0.35,126624.99
rolling_stock,783,797,0.35,158281.24
rolling_stock,783,801,0.35,200489.57
rolling_stock,783,806,0.35,253249.98
rolling_stock,783,811,0.35,1530051.95
rolling_stock,784,786,0.35,31656.25
rolling_stock,784,787,0.35,211041.65
rolling_stock,784,795,0.35,253249.98
rolling_stock,784,798,0.35,158281.24
rolling_stock,785,787,0.35,31656.25
rolling_stock,785,799,0.35,158281.24
rolling_stock,785,803,0.35,601468.71
rolling_stock,785,808,0.35,506499.96
rolling_stock,786,800,0.35,158281.24
rolling_stock,786,809,0.35,253249.98
rolling_stock,787,789,0.35,94968.75
rolling_stock,787,798,0.35,379874.97
rolling_stock,787,801,0.35,158281.24
rolling_stock,787,805,0.35,200489.57
rolling_stock,787,810,0.35,253249.98
rolling_stock,787,815,0.35,306010.39
rolling_stock,788,791,0.35,211041.65
rolling_stock,788,802,0.35,158281.24
rolling_stock,788,806,0.35,200489.57
rolling_stock,788,811,0.35,253249.98
rolling_stock,789,791,0.35,31656.25
rolling_stock,789,800,0.35,253249.98
rolling_stock,789,803,0.35,158281.24
rolling_stock,789,807,0.35,400979.14
rolling_stock,790,792,0.35,31656.25
rolling_stock,790,804,0.35,158281.24
rolling_stock,790,808,0.35,200489.57
rolling_stock,790,813,0.35,759749.94
rolling_stock,791,793,0.35,63312.50
rolling_stock,791,805,0.35,158281.24
rolling_stock,792,794,0.35,31656.25
rolling_stock,792,795,0.35,211041.65
rolling_stock,792,803,0.35,379874.97
rolling_stock,792,806,0.35,158281.24
rolling_stock,792,810,0.35,400979.14
rolling_stock,792,815,0.35,253249.98
rolling_stock,792,820,0.35,1530051.95
rolling_stock,793,807,0.35,158281.24
rolling_stock,793,811,0.35,200489.57
rolling_stock,793,816,0.35,253249.98
rolling_stock,794,796,0.35,63312.50
rolling_stock,794,805,0.35,253249.98
rolling_stock,794,808,0.35,158281.24
rolling_stock,794,812,0.35,200489.57
rolling_stock,794,817,0.35,506499.96
rolling_stock,795,797,0.35,31656.25
rolling_stock,795,809,0.35,158281.24
rolling_stock,795,813,0.35,200489.57
rolling_stock,795,818,0.35,253249.98
rolling_stock,796,798,0.35,31656.25
rolling_stock,796,799,0.35,211041.65
rolling_stock,796,807,0.35,379874.97
rolling_stock,796,810,0.35,158281.24
rolling_stock,796,824,0.35,1530051.95
rolling_stock,797,799,0.35,31656.25
rolling_stock,797,811,0.35,316562.48
rolling_stock,797,815,0.35,601468.71
rolling_stock,797,820,0.35,506499.96
rolling_stock,798,812,0.35,158281.24
rolling_stock,798,821,0.35,253249.98
rolling_stock,799,801,0.35,94968.75
rolling_stock,799,810,0.35,253249.98
rolling_stock,799,813,0.35,158281.24
rolling_stock,799,817,0.35,200489.57
rolling_stock,799,822,0.35,253249.98
rolling_stock,800,803,0.35,211041.65
rolling_stock,800,811,0.35,126624.99
rolling_stock,800,814,0.35,158281.24
rolling_stock,800,818,0.35,200489.57
rolling_stock,800,823,0.35,253249.98
rolling_stock,800,828,0.35,1530051.95
rolling_stock,801,803,0.35,31656.25
rolling_stock,801,812,0.35,253249.98
rolling_stock,801,815,0.35,158281.24
rolling_stock,802,804,0.35,31656.25
rolling_stock,802,816,0.35,158281.24
rolling_stock,802,820,0.35,601468.71
rolling_stock,802,825,0.35,759749.94
rolling_stock,803,817,0.35,158281.24
rolling_stock,804,806,0.35,94968.75
rolling_stock,804,807,0.35,211041.65
rolling_stock,804,815,0.35,379874.97
rolling_stock,804,818,0.35,158281.24
rolling_stock,804,822,0.35,200489.57
rolling_stock,804,827,0.35,253249.98
rolling_stock,804,832,0.35,1530051.95
rolling_stock,805,819,0.35,158281.24
rolling_stock,805,823,0.35,200489.57
rolling_stock,805,828,0.35,253249.98
rolling_stock,806,808,0.35,31656.25
rolling_stock,806,817,0.35,253249.98
rolling_stock,806,820,0.35,158281.24
rolling_stock,806,824,0.35,400979.14
rolling_stock,807,809,0.35,31656.25
rolling_stock,807,821,0.35,158281.24
rolling_stock,807,825,0.35,200489.57
rolling_stock,807,830,0.35,759749.94
rolling_stock,808,810,0.35,63312.50
rolling_stock,808,811,0.35,211041.65
rolling_stock,808,819,0.35,379874.97
rolling_stock,808,822,0.35,158281.24
rolling_stock,808,836,0.35,1530051.95
rolling_stock,809,811,0.35,31656.25
rolling_stock,809,823,0.35,158281.24
rolling_stock,809,827,0.35,400979.14
rolling_stock,809,832,0.35,253249.98
rolling_stock,810,824,0.35,158281.24
rolling_stock,810,828,0.35,200489.57
rolling_stock,810,833,0.35,253249.98
rolling_stock,811,813,0.35,63312.50
rolling_stock,811,822,0.35,253249.98
rolling_stock,811,825,0.35,158281.24
rolling_stock,811,829,0.35,200489.57
rolling_stock,811,834,0.35,506499.96
rolling_stock,812,814,0.35,31656.25
rolling_stock,812,815,0.35,211041.65
rolling_stock,812,823,0.35,126624.99
rolling_stock,812,826,0.35,316562.48
rolling_stock,812,830,0.35,200489.57
rolling_stock,812,835,0.35,253249.98
rolling_stock,812,840,0.35,1530051.95
rolling_stock,813,815,0.35,31656.25
rolling_stock,813,824,0.35,253249.98
rolling_stock,813,827,0.35,158281.24
rolling_stock,814,816,0.35,31656.25
rolling_stock,814,828,0.35,158281.24
rolling_stock,814,832,0.35,601468.71
rolling_stock,814,837,0.35,506499.96
rolling_stock,815,829,0.35,158281.24
rolling_stock,815,838,0.35,253249.98
rolling_stock,816,818,0.35,94968.75
rolling_stock,816,819,0.35,211041.65
rolling_stock,816,827,0.35,379874.97
rolling_stock,816,830,0.35,158281.24
rolling_stock,816,834,0.35,200489.57
rolling_stock,816,839,0.35,253249.98
rolling_stock,816,844,0.35,306010.39
rolling_stock,817,831,0.35,158281.24
rolling_stock,817,835,0.35,200489.57
rolling_stock,817,840,0.35,253249.98
rolling_stock,818,820,0.35,31656.25
rolling_stock,818,829,0.35,253249.98
rolling_stock,818,832,0.35,158281.24
rolling_stock,818,836,0.35,400979.14
rolling_stock,819,821,0.35,31656.25
rolling_stock,819,833,0.35,158281.24
rolling_stock,819,837,0.35,200489.57
rolling_stock,819,842,0.35,759749.94
rolling_stock,820,822,0.35,63312.50
rolling_stock,820,823,0.35,211041.65
rolling_stock,820,834,0.35,158281.24
rolling_stock,821,823,0.35,31656.25
rolling_stock,821,832,0.35,379874.97
rolling_stock,821,835,0.35,158281.24
rolling_stock,821,839,0.35,400979.14
rolling_stock,821,844,0.35,253249.98
rolling_stock,821,849,0.35,1530051.95
rolling_stock,822,836,0.35,158281.24
rolling_stock,822,840,0.35,200489.57
rolling_stock,822,845,0.35,253249.98
rolling_stock,823,825,0.35,63312.50
rolling_stock,823,834,0.35,253249.98
rolling_stock,823,837,0.35,158281.24
rolling_stock,823,841,0.35,200489.57
rolling_stock,823,846,0.35,506499.96
rolling_stock,824,826,0.35,31656.25
rolling_stock,824,827,0.35,211041.65
rolling_stock,824,838,0.35,158281.24
rolling_stock,824,842,0.35,200489.57
rolling_stock,824,847,0.35,253249.98
rolling_stock,825,827,0.35,31656.25
rolling_stock,825,836,0.35,379874.97
rolling_stock,825,839,0.35,158281.24
rolling_stock,825,853,0.35,1530051.95
rolling_stock,826,828,0.35,31656.25
rolling_stock,826,840,0.35,158281.24
rolling_stock,826,844,0.35,601468.71
rolling_stock,826,849,0.35,506499.96
rolling_stock,827,841,0.35,316562.48
rolling_stock,827,850,0.35,253249.98
rolling_stock,828,830,0.35,94968.75
rolling_stock,828,831,0.35,211041.65
rolling_stock,828,839,0.35,253249.98
rolling_stock,828,842,0.35,158281.24
rolling_stock,828,846,0.35,200489.57
rolling_stock,828,851,0.35,253249.98
rolling_stock,829,840,0.35,126624.99
rolling_stock,829,843,0.35,158281.24
rolling_stock,829,847,0.35,200489.57
rolling_stock,829,852,0.35,253249.98
rolling_stock,829,857,0.35,1530051.95
rolling_stock,830,832,0.35,31656.25
rolling_stock,830,841,0.35,253249.98
rolling_stock,830,844,0.35,158281.24
rolling_stock,831,833,0.35,31656.25
rolling_stock,831,845,0.35,158281.24
rolling_stock,831,849,0.35,601468.71
rolling_stock,831,854,0.35,759749.94
rolling_stock,832,835,0.35,211041.65
rolling_stock,832,846,0.35,158281.24
rolling_stock,833,835,0.35,94968.75
rolling_stock,833,844,0.35,379874.97
rolling_stock,833,847,0.35,158281.24
rolling_stock,833,851,0.35,200489.57
rolling_stock,833,856,0.35,253249.98
rolling_stock,833,861,0.35,1530051.95
rolling_stock,834,848,0.35,158281.24
rolling_stock,834,852,0.35,200489.57
rolling_stock,834,857,0.35,253249.98
rolling_stock,835,837,0.35,31656.25
rolling_stock,835,846,0.35,253249.98
rolling_stock,835,849,0.35,158281.24
rolling_stock,835,853,0.35,400979.14
rolling_stock,836,838,0.35,31656.25
rolling_stock,836,839,0.35,211041.65
rolling_stock,836,850,0.35,158281.24
rolling_stock,836,854,0.35,200489.57
rolling_stock,836,859,0.35,759749.94
rolling_stock,837,839,0.35,63312.50
rolling_stock,837,848,0.35,379874.97
rolling_stock,837,851,0.35,158281.24
rolling_stock,837,865,0.35,1530051.95
rolling_stock,838,840,0.35,31656.25
rolling_stock,838,852,0.35,158281.24
rolling_stock,838,856,0.35,400979.14
rolling_stock,838,861,0.35,253249.98
rolling_stock,839,853,0.35,158281.24
rolling_stock,839,857,0.35,200489.57
rolling_stock,839,862,0.35,253249.98
rolling_stock,840,842,0.35,63312.50
rolling_stock,840,843,0.35,211041.65
rolling_stock,840,851,0.35,253249.98
rolling_stock,840,854,0.35,158281.24
rolling_stock,840,858,0.35,200489.57
rolling_stock,840,863,0.35,506499.96
rolling_stock,841,843,0.35,31656.25
rolling_stock,841,852,0.35,126624.99
rolling_stock,841,855,0.35,158281.24
rolling_stock,841,859,0.35,200489.57
rolling_stock,841,864,0.35,253249.98
rolling_stock,841,869,0.35,1530051.95
rolling_stock,842,844,0.35,31656.25
rolling_stock,842,853,0.35,253249.98
rolling_stock,842,856,0.35,316562.48
rolling_stock,843,845,0.35,31656.25
rolling_stock,843,857,0.35,158281.24
rolling_stock,843,861,0.35,601468.71
rolling_stock,843,866,0.35,506499.96
rolling_stock,844,847,0.35,211041.65
rolling_stock,844,858,0.35,158281.24
rolling_stock,844,867,0.35,253249.98
rolling_stock,845,847,0.35,94968.75
rolling_stock,845,856,0.35,379874.97
rolling_stock,845,859,0.35,158281.24
rolling_stock,845,863,0.35,200489.57
rolling_stock,845,868,0.35,253249.98
rolling_stock,845,873,0.35,306010.39
rolling_stock,846,860,0.35,158281.24
rolling_stock,846,864,0.35,200489.57
rolling_stock,846,869,0.35,253249.98
rolling_stock,847,849,0.35,31656.25
rolling_stock,847,858,0.35,253249.98
rolling_stock,847,861,0.35,158281.24
rolling_stock,847,865,0.35,400979.14
rolling_stock,848,850,0.35,31656.25
rolling_stock,848,851,0.35,211041.65
rolling_stock,848,862,0.35,158281.24
rolling_stock,848,866,0.35,200489.57
rolling_stock,848,871,0.35,759749.94
rolling_stock,849,851,0.35,63312.50
rolling_stock,849,863,0.35,158281.24
rolling_stock,850,852,0.35,31656.25
rolling_stock,850,861,0.35,379874.97
rolling_stock,850,864,0.35,158281.24
rolling_stock,850,868,0.35,400979.14
rolling_stock,850,873,0.35,253249.98
rolling_stock,850,878,0.35,1530051.95
rolling_stock,851,865,0.35,158281.24
rolling_stock,851,869,0.35,200489.57
rolling_stock,851,874,0.35,253249.98
rolling_stock,852,854,0.35,63312.50
rolling_stock,852,855,0.35,211041.65
rolling_stock,852,863,0.35,253249.98
rolling_stock,852,866,0.35,158281.24
rolling_stock,852,870,0.35,200489.57
rolling_stock,852,875,0.35,506499.96
rolling_stock,853,855,0.35,31656.25
rolling_stock,853,867,0.35,158281.24
rolling_stock,853,871,0.35,200489.57
rolling_stock,853,876,0.35,253249.98
rolling_stock,854,856,0.35,31656.25
rolling_stock,854,865,0.35,379874.97
rolling_stock,854,868,0.35,158281.24
rolling_stock,854,882,0.35,1530051.95
rolling_stock,855,857,0.35,31656.25
rolling_stock,855,869,0.35,158281.24
rolling_stock,855,873,0.35,601468.71
rolling_stock,855,878,0.35,506499.96
rolling_stock,856,859,0.35,211041.65
rolling_stock,856,870,0.35,158281.24
rolling_stock,856,879,0.35,253249.98
rolling_stock,857,859,0.35,94968.75
rolling_stock,857,868,0.35,253249.98
rolling_stock,857,871,0.35,316562.48
rolling_stock,857,875,0.35,200489.57
rolling_stock,857,880,0.35,253249.98
rolling_stock,858,869,0.35,126624.99
rolling_stock,858,872,0.35,158281.24
rolling_stock,858,876,0.35,200489.57
rolling_stock,858,881,0.35,253249.98
rolling_stock,858,886,0.35,1530051.95
rolling_stock,859,861,0.35,31656.25
rolling_stock,859,870,0.35,253249.98
rolling_stock,859,873,0.35,158281.24
rolling_stock,860,862,0.35,31656.25
rolling_stock,860,863,0.35,211041.65
rolling_stock,860,874,0.35,158281.24
rolling_stock,860,878,0.35,601468.71
rolling_stock,860,883,0.35,759749.94
rolling_stock,861,875,0.35,158281.24
rolling_stock,862,864,0.35,94968.75
rolling_stock,862,873,0.35,379874.97
rolling_stock,862,876,0.35,158281.24
rolling_stock,862,880,0.35,200489.57
rolling_stock,862,885,0.35,253249.98
rolling_stock,862,890,0.35,1530051.95
rolling_stock,863,877,0.35,158281.24
rolling_stock,863,881,0.35,200489.57
rolling_stock,863,886,0.35,253249.98
rolling_stock,864,866,0.35,31656.25
rolling_stock,864,867,0.35,211041.65
rolling_stock,864,875,0.35,253249.98
rolling_stock,864,878,0.35,158281.24
rolling_stock,864,882,0.35,400979.14
rolling_stock,865,867,0.35,31656.25
rolling_stock,865,879,0.35,158281.24
rolling_stock,865,883,0.35,200489.57
rolling_stock,865,888,0.35,759749.94
rolling_stock,866,868,0.35,63312.50
rolling_stock,866,877,0.35,379874.97
rolling_stock,866,880,0.35,158281.24
rolling_stock,866,894,0.35,1530051.95
rolling_stock,867,869,0.35,31656.25
rolling_stock,867,881,0.35,158281.24
rolling_stock,867,885,0.35,400979.14
rolling_stock,867,890,0.35,253249.98
rolling_stock,868,871,0.35,211041.65
rolling_stock,868,882,0.35,158281.24
rolling_stock,868,886,0.35,200489.57
rolling_stock,868,891,0.35,253249.98
rolling_stock,869,871,0.35,63312.50
rolling_stock,869,880,0.35,253249.98
rolling_stock,869,883,0.35,158281.24
rolling_stock,869,887,0.35,200489.57
rolling_stock,869,892,0.35,506499.96
rolling_stock,870,872,0.35,31656.25
rolling_stock,870,881,0.35,126624.99
rolling_stock,870,884,0.35,158281.24
rolling_stock,870,888,0.35,200489.57
rolling_stock,870,893,0.35,253249.98
rolling_stock,870,898,0.35,1530051.95
rolling_stock,871,873,0.35,31656.25
rolling_stock,871,882,0.35,253249.98
rolling_stock,871,885,0.35,158281.24
rolling_stock,872,874,0.35,31656.25
rolling_stock,872,875,0.35,211041.65
rolling_stock,872,886,0.35,316562.48
rolling_stock,872,890,0.35,601468.71
rolling_stock,872,895,0.35,506499.96
rolling_stock,873,887,0.35,158281.24
rolling_stock,873,896,0.35,253249.98
rolling_stock,874,876,0.35,94968.75
rolling_stock,874,885,0.35,379874.97
rolling_stock,874,888,0.35,158281.24
rolling_stock,874,892,0.35,200489.57
rolling_stock,874,897,0.35,253249.98
rolling_stock,874,902,0.35,306010.39
rolling_stock,875,889,0.35,158281.24
rolling_stock,875,893,0.35,200489.57
rolling_stock,875,898,0.35,253249.98
rolling_stock,876,878,0.35,31656.25
rolling_stock,876,879,0.35,211041.65
rolling_stock,876,887,0.35,253249.98
rolling_stock,876,890,0.35,158281.24
rolling_stock,876,894,0.35,400979.14
rolling_stock,877,879,0.35,31656.25
rolling_stock,877,891,0.35,158281.24
rolling_stock,877,895,0.35,200489.57
rolling_stock,877,900,0.35,759749.94
rolling_stock,878,880,0.35,63312.50
rolling_stock,878,892,0.35,158281.24
rolling_stock,879,881,0.35,31656.25
rolling_stock,879,890,0.35,379874.97
rolling_stock,879,893,0.35,158281.24
rolling_stock,879,897,0.35,400979.14
rolling_stock,879,902,0.35,253249.98
rolling_stock,879,907,0.35,1530051.95
rolling_stock,880,883,0.35,211041.65
rolling_stock,880,894,0.35,158281.24
rolling_stock,880,898,0.35,200489.57
rolling_stock,880,903,0.35,253249.98
rolling_stock,881,883,0.35,63312.50
rolling_stock,881,892,0.35,253249.98
rolling_stock,881,895,0.35,158281.24
rolling_stock,881,899,0.35,200489.57
rolling_stock,881,904,0.35,506499.96
rolling_stock,882,884,0.35,31656.25
rolling_stock,882,896,0.35,158281.24
rolling_stock,882,900,0.35,200489.57
rolling_stock,882,905,0.35,253249.98
rolling_stock,883,885,0.35,31656.25
rolling_stock,883,894,0.35,379874.97
rolling_stock,883,897,0.35,158281.24
rolling_stock,883,911,0.35,1530051.95
rolling_stock,884,886,0.35,31656.25
rolling_stock,884,887,0.35,211041.65
rolling_stock,884,898,0.35,158281.24
rolling_stock,884,902,0.35,601468.71
rolling_stock,884,907,0.35,506499.96
rolling_stock,885,899,0.35,158281.24
rolling_stock,885,908,0.35,253249.98
rolling_stock,886,888,0.35,94968.75
rolling_stock,886,897,0.35,253249.98
rolling_stock,886,900,0.35,158281.24
rolling_stock,886,904,0.35,200489.57
rolling_stock,886,909,0.35,253249.98
rolling_stock,887,898,0.35,126624.99
rolling_stock,887,901,0.35,316562.48
rolling_stock,887,905,0.35,200489.57
rolling_stock,887,910,0.35,253249.98
rolling_stock,887,915,0.35,1530051.95
rolling_stock,888,890,0.35,31656.25
rolling_stock,888,891,0.35,211041.65
rolling_stock,888,899,0.35,253249.98
rolling_stock,888,902,0.35,158281.24
rolling_stock,889,891,0.35,31656.25
rolling_stock,889,903,0.35,158281.24
rolling_stock,889,907,0.35,601468.71
rolling_stock,889,912,0.35,759749.94
rolling_stock,890,904,0.35,158281.24
rolling_stock,891,893,0.35,94968.75
rolling_stock,891,902,0.35,379874.97
rolling_stock,891,905,0.35,158281.24
rolling_stock,891,909,0.35,200489.57
rolling_stock,891,914,0.35,253249.98
rolling_stock,891,919,0.35,1530051.95
rolling_stock,892,895,0.35,211041.65
rolling_stock,892,906,0.35,158281.24
rolling_stock,892,910,0.35,200489.57
rolling_stock,892,915,0.35,253249.98
rolling_stock,893,895,0.35,31656.25
rolling_stock,893,904,0.35,253249.98
rolling_stock,893,907,0.35,158281.24
rolling_stock,893,911,0.35,400979.14
rolling_stock,894,896,0.35,31656.25
rolling_stock,894,908,0.35,158281.24
rolling_stock,894,912,0.35,200489.57
rolling_stock,894,917,0.35,759749.94
rolling_stock,895,897,0.35,63312.50
rolling_stock,895,906,0.35,379874.97
rolling_stock,895,909,0.35,158281.24
rolling_stock,895,923,0.35,1530051.95
rolling_stock,896,898,0.35,31656.25
rolling_stock,896,899,0.35,84416.66
rolling_stock,896,910,0.35,158281.24
rolling_stock,896,914,0.35,400979.14
rolling_stock,896,919,0.35,253249.98
rolling_stock,897,911,0.35,158281.24
rolling_stock,897,915,0.35,200489.57
rolling_stock,897,920,0.35,253249.98
rolling_stock,898,900,0.35,63312.50
rolling_stock,898,909,0.35,253249.98
rolling_stock,898,912,0.35,158281.24
rolling_stock,898,916,0.35,200489.57
rolling_stock,898,921,0.35,506499.96
rolling_stock,899,901,0.35,31656.25
rolling_stock,899,910,0.35,126624.99
rolling_stock,899,913,0.35,158281.24
rolling_stock,899,917,0.35,200489.57
rolling_stock,899,922,0.35,253249.98
rolling_stock,899,927,0.35,1530051.95
rolling_stock,900,902,0.35,31656.25
rolling_stock,900,911,0.35,253249.98
rolling_stock,900,914,0.35,158281.24
rolling_stock,901,903,0.35,31656.25
rolling_stock,901,915,0.35,158281.24
rolling_stock,901,919,0.35,601468.71
rolling_stock,901,924,0.35,506499.96
rolling_stock,902,916,0.35,316562.48
rolling_stock,902,925,0.35,253249.98
rolling_stock,903,905,0.35,94968.75
rolling_stock,903,914,0.35,379874.97
rolling_stock,903,917,0.35,158281.24
rolling_stock,903,921,0.35,200489.57
rolling_stock,903,926,0.35,253249.98
rolling_stock,903,931,0.35,306010.39
rolling_stock,904,918,0.35,158281.24
rolling_stock,904,922,0.35,200489.57
rolling_stock,904,927,0.35,253249.98
rolling_stock,905,907,0.35,31656.25
rolling_stock,905,916,0.35,253249.98
rolling_stock,905,919,0.35,158281.24
rolling_stock,905,923,0.35,400979.14
rolling_stock,906,908,0.35,31656.25
rolling_stock,906,920,0.35,158281.24
rolling_stock,906,924,0.35,200489.57
rolling_stock,906,929,0.35,759749.94
rolling_stock,907,909,0.35,63312.50
rolling_stock,907,921,0.35,158281.24
rolling_stock,908,910,0.35,31656.25
rolling_stock,908,919,0.35,379874.97
rolling_stock,908,922,0.35,158281.24
rolling_stock,908,926,0.35,400979.14
rolling_stock,908,931,0.35,253249.98
rolling_stock,908,936,0.35,1530051.95
rolling_stock,909,923,0.35,158281.24
rolling_stock,909,927,0.35,200489.57
rolling_stock,909,932,0.35,253249.98
rolling_stock,910,912,0.35,63312.50
rolling_stock,910,921,0.35,253249.98
rolling_stock,910,924,0.35,158281.24
rolling_stock,910,928,0.35,200489.57
rolling_stock,910,933,0.35,506499.96
rolling_stock,911,913,0.35,31656.25
rolling_stock,911,925,0.35,158281.24
rolling_stock,911,929,0.35,200489.57
rolling_stock,911,934,0.35,253249.98
rolling_stock,912,914,0.35,31656.25
rolling_stock,912,923,0.35,379874.97
rolling_stock,912,926,0.35,158281.24
rolling_stock,912,940,0.35,1530051.95
rolling_stock,913,915,0.35,31656.25
rolling_stock,913,927,0.35,158281.24
rolling_stock,913,931,0.35,601468.71
rolling_stock,913,936,0.35,506499.96
rolling_stock,914,928,0.35,158281.24
rolling_stock,914,937,0.35,253249.98
rolling_stock,915,917,0.35,94968.75
rolling_stock,915,926,0.35,253249.98
rolling_stock,915,929,0.35,158281.24
rolling_stock,915,933,0.35,200489.57
rolling_stock,915,938,0.35,253249.98
rolling_stock,916,927,0.35,126624.99
rolling_stock,916,930,0.35,158281.24
rolling_stock,916,934,0.35,200489.57
rolling_stock,916,939,0.35,253249.98
rolling_stock,916,944,0.35,1530051.95
rolling_stock,917,919,0.35,31656.25
rolling_stock,917,928,0.35,253249.98
rolling_stock,917,931,0.35,316562.48
rolling_stock,918,920,0.35,31656.25
rolling_stock,918,932,0.35,158281.24
rolling_stock,918,936,0.35,601468.71
rolling_stock,918,941,0.35,759749.94
rolling_stock,919,933,0.35,158281.24
rolling_stock,920,922,0.35,94968.75
rolling_stock,920,931,0.35,379874.97
rolling_stock,920,934,0.35,158281.24
rolling_stock,920,938,0.35,200489.57
rolling_stock,920,943,0.35,253249.98
rolling_stock,920,948,0.35,1530051.95
rolling_stock,921,935,0.35,158281.24
rolling_stock,921,939,0.35,200489.57
rolling_stock,921,944,0.35,253249.98
rolling_stock,922,924,0.35,31656.25
rolling_stock,922,933,0.35,253249.98
rolling_stock,922,936,0.35,158281.24
rolling_stock,922,940,0.35,400979.14
rolling_stock,923,925,0.35,31656.25
rolling_stock,923,937,0.35,158281.24
rolling_stock,923,941,0.35,200489.57
rolling_stock,923,946,0.35,759749.94
rolling_stock,924,926,0.35,63312.50
rolling_stock,924,935,0.35,379874.97
rolling_stock,924,938,0.35,158281.24
rolling_stock,924,952,0.35,1530051.95
rolling_stock,925,927,0.35,31656.25
rolling_stock,925,939,0.35,158281.24
rolling_stock,925,943,0.35,400979.14
rolling_stock,925,948,0.35,253249.98
rolling_stock,926,940,0.35,158281.24
rolling_stock,926,944,0.35,200489.57
rolling_stock,926,949,0.35,253249.98
rolling_stock,927,929,0.35,63312.50
rolling_stock,927,938,0.35,253249.98
rolling_stock,927,941,0.35,158281.24
rolling_stock,927,945,0.35,200489.57
rolling_stock,927,950,0.35,506499.96
rolling_stock,928,930,0.35,31656.25
rolling_stock,928,939,0.35,126624.99
rolling_stock,928,942,0.35,158281.24
rolling_stock,928,946,0.35,200489.57
rolling_stock,928,951,0.35,253249.98
rolling_stock,928,956,0.35,1530051.95
rolling_stock,929,931,0.35,31656.25
rolling_stock,929,940,0.35,253249.98
rolling_stock,929,943,0.35,158281.24
rolling_stock,930,932,0.35,31656.25
rolling_stock,930,944,0.35,158281.24
rolling_stock,930,948,0.35,601468.71
rolling_stock,930,953,0.35,506499.96
rolling_stock,931,945,0.35,158281.24
rolling_stock,931,954,0.35,253249.98
rolling_stock,932,934,0.35,94968.75
rolling_stock,932,943,0.35,379874.97
rolling_stock,932,946,0.35,316562.48
rolling_stock,932,950,0.35,200489.57
rolling_stock,932,955,0.35,253249.98
rolling_stock,932,960,0.35,306010.39
rolling_stock,933,947,0.35,158281.24
rolling_stock,933,951,0.35,200489.57
rolling_stock,933,956,0.35,253249.98
rolling_stock,934,936,0.35,31656.25
rolling_stock,934,945,0.35,253249.98
rolling_stock,934,948,0.35,158281.24
rolling_stock,934,952,0.35,400979.14
rolling_stock,935,937,0.35,31656.25
rolling_stock,935,949,0.35,158281.24
rolling_stock,935,953,0.35,200489.57
rolling_stock,935,958,0.35,759749.94
rolling_stock,936,938,0.35,63312.50
rolling_stock,936,950,0.35,158281.24
rolling_stock,937,939,0.35,31656.25
rolling_stock,937,948,0.35,379874.97
rolling_stock,937,951,0.35,158281.24
rolling_stock,937,955,0.35,400979.14
rolling_stock,937,960,0.35,253249.98
rolling_stock,937,965,0.35,1530051.95
rolling_stock,938,952,0.35,158281.24
rolling_stock,938,956,0.35,200489.57
rolling_stock,938,961,0.35,253249.98
rolling_stock,939,941,0.35,63312.50
rolling_stock,939,950,0.35,253249.98
rolling_stock,939,953,0.35,158281.24
rolling_stock,939,957,0.35,200489.57
rolling_stock,939,962,0.35,506499.96
rolling_stock,940,942,0.35,31656.25
rolling_stock,940,954,0.35,158281.24
rolling_stock,940,958,0.35,200489.57
rolling_stock,940,963,0.35,253249.98
rolling_stock,941,943,0.35,31656.25
rolling_stock,941,952,0.35,379874.97
rolling_stock,941,955,0.35,158281.24
rolling_stock,941,969,0.35,1530051.95
rolling_stock,942,944,0.35,31656.25
rolling_stock,942,956,0.35,158281.24
rolling_stock,942,960,0.35,601468.71
rolling_stock,942,965,0.35,506499.96
rolling_stock,943,957,0.35,158281.24
rolling_stock,943,966,0.35,253249.98
rolling_stock,944,946,0.35,94968.75
rolling_stock,944,955,0.35,253249.98
rolling_stock,944,958,0.35,158281.24
rolling_stock,944,962,0.35,200489.57
rolling_stock,944,967,0.35,253249.98
rolling_stock,945,956,0.35,126624.99
rolling_stock,945,959,0.35,158281.24
rolling_stock,945,963,0.35,200489.57
rolling_stock,945,968,0.35,253249.98
rolling_stock,945,973,0.35,1530051.95
rolling_stock,946,948,0.35,31656.25
rolling_stock,946,957,0.35,253249.98
rolling_stock,946,960,0.35,158281.24
rolling_stock,947,949,0.35,31656.25
rolling_stock,947,961,0.35,316562.48
rolling_stock,947,965,0.35,601468.71
rolling_stock,947,970,0.35,759749.94
rolling_stock,948,962,0.35,158281.24
rolling_stock,949,951,0.35,94968.75
rolling_stock,949,960,0.35,379874.97
rolling_stock,949,963,0.35,158281.24
rolling_stock,949,967,0.35,200489.57
rolling_stock,949,972,0.35,253249.98
rolling_stock,949,977,0.35,1530051.95
rolling_stock,950,964,0.35,158281.24
rolling_stock,950,968,0.35,200489.57
rolling_stock,950,973,0.35,253249.98
rolling_stock,951,953,0.35,31656.25
rolling_stock,951,962,0.35,253249.98
rolling_stock,951,965,0.35,158281.24
rolling_stock,951,969,0.35,400979.14
rolling_stock,952,954,0.35,31656.25
rolling_stock,952,966,0.35,158281.24
rolling_stock,952,970,0.35,200489.57
rolling_stock,952,975,0.35,759749.94
rolling_stock,953,955,0.35,63312.50
rolling_stock,953,964,0.35,379874.97
rolling_stock,953,967,0.35,158281.24
rolling_stock,953,981,0.35,1224041.56
rolling_stock,954,956,0.35,31656.25
rolling_stock,954,968,0.35,158281.24
rolling_stock,954,972,0.35,400979.14
rolling_stock,954,977,0.35,253249.98
rolling_stock,955,969,0.35,158281.24
rolling_stock,955,973,0.35,200489.57
rolling_stock,955,978,0.35,253249.98
rolling_stock,956,958,0.35,63312.50
rolling_stock,956,967,0.35,253249.98
rolling_stock,956,970,0.35,158281.24
rolling_stock,956,974,0.35,200489.57
rolling_stock,956,979,0.35,506499.96
rolling_stock,957,959,0.35,31656.25
rolling_stock,957,968,0.35,126624.99
rolling_stock,957,971,0.35,158281.24
rolling_stock,957,975,0.35,200489.57
rolling_stock,957,980,0.35,253249.98
rolling_stock,958,960,0.35,31656.25
rolling_stock,958,969,0.35,253249.98
rolling_stock,958,972,0.35,158281.24
rolling_stock,959,961,0.35,31656.25
rolling_stock,959,973,0.35,158281.24
rolling_stock,959,977,0.35,601468.71
rolling_stock,959,982,0.35,506499.96
rolling_stock,960,974,0.35,158281.24
rolling_stock,960,983,0.35,253249.98
rolling_stock,961,963,0.35,94968.75
rolling_stock,961,972,0.35,379874.97
rolling_stock,961,975,0.35,158281.24
rolling_stock,961,979,0.35,200489.57
rolling_stock,961,984,0.35,253249.98
rolling_stock,962,976,0.35,316562.48
rolling_stock,962,980,0.35,200489.57
rolling_stock,962,985,0.35,253249.98
rolling_stock,963,965,0.35,31656.25
rolling_stock,963,974,0.35,253249.98
rolling_stock,963,977,0.35,158281.24
rolling_stock,963,981,0.35,400979.14
rolling_stock,964,966,0.35,31656.25
rolling_stock,964,978,0.35,158281.24
rolling_stock,964,982,0.35,200489.57
rolling_stock,964,987,0.35,759749.94
rolling_stock,965,967,0.35,63312.50
rolling_stock,965,979,0.35,158281.24
rolling_stock,966,968,0.35,31656.25
rolling_stock,966,977,0.35,379874.97
rolling_stock,966,980,0.35,158281.24
rolling_stock,966,984,0.35,400979.14
rolling_stock,966,989,0.35,253249.98
rolling_stock,967,981,0.35,158281.24
rolling_stock,967,985,0.35,200489.57
rolling_stock,967,990,0.35,253249.98
rolling_stock,968,970,0.35,63312.50
rolling_stock,968,979,0.35,253249.98
rolling_stock,968,982,0.35,158281.24
rolling_stock,968,986,0.35,200489.57
rolling_stock,968,991,0.35,506499.96
rolling_stock,969,971,0.35,31656.25
rolling_stock,969,983,0.35,158281.24
rolling_stock,969,987,0.35,200489.57
rolling_stock,969,992,0.35,253249.98
rolling_stock,970,972,0.35,31656.25
rolling_stock,970,981,0.35,379874.97
rolling_stock,970,984,0.35,158281.24
rolling_stock,971,973,0.35,31656.25
rolling_stock,971,985,0.35,158281.24
rolling_stock,971,989,0.35,601468.71
rolling_stock,971,994,0.35,506499.96
rolling_stock,972,986,0.35,158281.24
rolling_stock,972,995,0.35,253249.98
rolling_stock,973,975,0.35,94968.75
rolling_stock,973,984,0.35,253249.98
rolling_stock,973,987,0.35,158281.24
rolling_stock,973,991,0.35,200489.57
rolling_stock,973,996,0.35,253249.98
rolling_stock,974,985,0.35,126624.99
rolling_stock,974,988,0.35,158281.24
rolling_stock,974,992,0.35,200489.57
rolling_stock,974,997,0.35,253249.98
rolling_stock,975,977,0.35,31656.25
rolling_stock,975,986,0.35,253249.98
rolling_stock,975,989,0.35,158281.24
rolling_stock,976,978,0.35,31656.25
rolling_stock,976,990,0.35,158281.24
rolling_stock,976,994,0.35,601468.71
rolling_stock,976,999,0.35,759749.94
rolling_stock,977,991,0.35,316562.48
rolling_stock,978,1001,0.35,253249.98
rolling_stock,978,980,0.35,94968.75
rolling_stock,978,989,0.35,379874.97
rolling_stock,978,992,0.35,158281.24
rolling_stock,978,996,0.35,200489.57
rolling_stock,979,1002,0.35,253249.98
rolling_stock,979,993,0.35,158281.24
rolling_stock,979,997,0.35,200489.57
rolling_stock,980,982,0.35,31656.25
rolling_stock,980,991,0.35,253249.98
rolling_stock,980,994,0.35,158281.24
rolling_stock,980,998,0.35,400979.14
rolling_stock,981,1004,0.35,759749.94
rolling_stock,981,983,0.35,31656.25
rolling_stock,981,995,0.35,158281.24
rolling_stock,981,999,0.35,200489.57
rolling_stock,982,984,0.35,63312.50
rolling_stock,982,993,0.35,379874.97
rolling_stock,982,996,0.35,158281.24
rolling_stock,983,1001,0.35,400979.14
rolling_stock,983,1006,0.35,253249.98
rolling_stock,983,985,0.35,31656.25
rolling_stock,983,997,0.35,158281.24
rolling_stock,984,1002,0.35,200489.57
rolling_stock,984,1007,0.35,253249.98
rolling_stock,984,998,0.35,158281.24
rolling_stock,985,1003,0.35,200489.57
rolling_stock,985,1008,0.35,506499.96
rolling_stock,985,987,0.35,63312.50
rolling_stock,985,996,0.35,253249.98
rolling_stock,985,999,0.35,158281.24
rolling_stock,986,1000,0.35,158281.24
rolling_stock,986,1004,0.35,200489.57
rolling_stock,986,1009,0.35,253249.98
rolling_stock,986,988,0.35,31656.25
rolling_stock,986,997,0.35,126624.99
rolling_stock,987,1001,0.35,158281.24
rolling_stock,987,989,0.35,31656.25
rolling_stock,988,1002,0.35,158281.24
rolling_stock,988,1006,0.35,601468.71
rolling_stock,988,1011,0.35,506499.96
rolling_stock,988,990,0.35,31656.25
rolling_stock,989,1003,0.35,158281.24
rolling_stock,989,1012,0.35,253249.98
rolling_stock,990,1004,0.35,158281.24
rolling_stock,990,1008,0.35,200489.57
rolling_stock,990,1013,0.35,253249.98
rolling_stock,990,992,0.35,94968.75
rolling_stock,991,1005,0.35,158281.24
rolling_stock,991,1009,0.35,200489.57
rolling_stock,991,1014,0.35,253249.98
rolling_stock,992,1006,0.35,316562.48
rolling_stock,992,1010,0.35,400979.14
rolling_stock,992,994,0.35,31656.25
rolling_stock,993,1007,0.35,158281.24
rolling_stock,993,1011,0.35,200489.57
rolling_stock,993,1016,0.35,759749.94
rolling_stock,993,995,0.35,31656.25
rolling_stock,994,1008,0.35,158281.24
rolling_stock,994,996,0.35,63312.50
rolling_stock,995,1009,0.35,158281.24
rolling_stock,995,1013,0.35,400979.14
rolling_stock,995,1018,0.35,253249.98
rolling_stock,995,997,0.35,31656.25
rolling_stock,996,1010,0.35,158281.24
rolling_stock,996,1014,0.35,200489.57
rolling_stock,996,1019,0.35,253249.98
rolling_stock,997,1011,0.35,158281.24
rolling_stock,997,1015,0.35,200489.57
rolling_stock,997,1020,0.35,506499.96
rolling_stock,997,999,0.35,63312.50
rolling_stock,998,1000,0.35,31656.25
rolling_stock,998,1012,0.35,158281.24
rolling_stock,998,1016,0.35,200489.57
rolling_stock,998,1021,0.35,253249.98
rolling_stock,999,1013,0.35,158281.24
signalling,1001,1003,0.5,11485.25
signalling,1004,1007,0.5,30627.32
signalling,1006,1008,0.5,11485.25
signalling,1008,1011,0.5,30627.32
signalling,1009,1011,0.5,22970.50
signalling,1012,1015,0.5,45940.98
signalling,1013,1015,0.5,11485.25
signalling,1016,1019,0.5,45940.98
signalling,1017,1019,0.5,11485.25
signalling,1020,1023,0.5,76568.30
signalling,1026,1029,0.5,15313.66
signalling,1030,1033,0.5,45940.98
signalling,1031,1033,0.5,11485.25
signalling,1034,1037,0.5,61254.64
signalling,1051,1053,0.5,11485.25
signalling,1054,1057,0.5,30627.32
signalling,1055,1057,0.5,11485.25
signalling,1058,1061,0.5,30625.44
signalling,1059,1061,0.5,22970.50
signalling,1062,1065,0.5,61254.64
signalling,329,331,0.5,11485.25
signalling,332,334,0.5,11485.25
signalling,334,336,0.5,11485.25
signalling,335,337,0.5,11485.25
signalling,337,339,0.5,11485.25
signalling,338,340,0.5,11485.25
signalling,339,343,0.5,19142.08
signalling,340,342,0.5,22970.50
signalling,341,343,0.5,11485.25
signalling,343,345,0.5,22970.50
signalling,344,346,0.5,11485.25
signalling,344,348,0.5,19142.08
signalling,346,348,0.5,22970.50
signalling,347,349,0.5,11485.25
signalling,349,351,0.5,22970.50
signalling,349,352,0.5,15313.66
signalling,350,352,0.5,11485.25
signalling,352,354,0.5,22970.50
signalling,353,355,0.5,11485.25
signalling,353,357,0.5,19142.08
signalling,355,357,0.5,22970.50
signalling,356,358,0.5,11485.25
signalling,358,360,0.5,22970.50
signalling,358,362,0.5,19142.08
signalling,359,361,0.5,11485.25
signalling,361,363,0.5,22970.50
signalling,362,364,0.5,11485.25
signalling,363,367,0.5,19142.08
signalling,364,366,0.5,22970.50
signalling,365,367,0.5,11485.25
signalling,367,369,0.5,22970.50
signalling,367,371,0.5,19142.08
signalling,368,370,0.5,11485.25
signalling,368,372,0.5,19142.08
signalling,370,372,0.5,22970.50
signalling,371,373,0.5,11485.25
signalling,372,376,0.5,19142.08
signalling,373,375,0.5,22970.50
signalling,373,377,0.5,19142.08
signalling,374,376,0.5,11485.25
signalling,376,378,0.5,22970.50
signalling,377,379,0.5,11485.25
signalling,377,381,0.5,19142.08
signalling,378,382,0.5,19142.08
signalling,379,381,0.5,22970.50
signalling,380,382,0.5,11485.25
signalling,382,384,0.5,22970.50
signalling,382,386,0.5,19142.08
signalling,383,385,0.5,11485.25
signalling,383,387,0.5,19142.08
signalling,385,387,0.5,22970.50
signalling,386,388,0.5,11485.25
signalling,387,391,0.5,19142.08
signalling,388,390,0.5,22970.50
signalling,388,392,0.5,19142.08
signalling,389,391,0.5,11485.25
signalling,391,393,0.5,22970.50
signalling,392,394,0.5,11485.25
signalling,392,396,0.5,19142.08
signalling,393,397,0.5,19142.08
signalling,394,396,0.5,22970.50
signalling,395,397,0.5,11485.25
signalling,397,399,0.5,22970.50
signalling,397,401,0.5,19142.08
signalling,398,400,0.5,11485.25
signalling,398,402,0.5,19142.08
signalling,400,402,0.5,22970.50
signalling,401,403,0.5,11485.25
signalling,402,406,0.5,19142.08
signalling,403,405,0.5,22970.50
signalling,403,407,0.5,19142.08
signalling,404,406,0.5,11485.25
signalling,406,408,0.5,22970.50
signalling,407,409,0.5,11485.25
signalling,407,411,0.5,19142.08
signalling,408,412,0.5,19142.08
signalling,409,411,0.5,22970.50
signalling,410,412,0.5,11485.25
signalling,410,413,0.5,15313.66
signalling,412,414,0.5,22970.50
signalling,412,416,0.5,19142.08
signalling,413,415,0.5,11485.25
signalling,413,416,0.5,15313.66
signalling,414,417,0.5,15313.66
signalling,415,417,0.5,22970.50
signalling,416,418,0.5,11485.25
signalling,417,421,0.5,38284.16
signalling,418,420,0.5,22970.50
signalling,418,421,0.5,15313.66
signalling,419,421,0.5,11485.25
signalling,421,423,0.5,22970.50
signalling,422,424,0.5,11485.25
signalling,422,425,0.5,30627.32
signalling,422,426,0.5,19142.08
signalling,424,426,0.5,22970.50
signalling,425,427,0.5,11485.25
signalling,426,429,0.5,15313.66
signalling,426,430,0.5,19142.08
signalling,427,429,0.5,22970.50
signalling,427,431,0.5,19142.08
signalling,428,430,0.5,11485.25
signalling,430,432,0.5,22970.50
signalling,430,433,0.5,15313.66
signalling,431,433,0.5,11485.25
signalling,431,435,0.5,19142.08
signalling,432,436,0.5,19142.08
signalling,433,435,0.5,22970.50
signalling,434,436,0.5,11485.25
signalling,434,437,0.5,15313.66
signalling,436,438,0.5,22970.50
signalling,436,440,0.5,19142.08
signalling,437,439,0.5,11485.25
signalling,437,441,0.5,19142.08
signalling,438,441,0.5,15313.66
signalling,439,441,0.5,22970.50
signalling,440,442,0.5,11485.25
signalling,441,444,0.5,15313.66
signalling,442,444,0.5,22970.50
signalling,442,445,0.5,15313.66
signalling,442,446,0.5,19142.08
signalling,443,445,0.5,11485.25
signalling,445,447,0.5,22970.50
signalling,445,449,0.5,19142.08
signalling,446,448,0.5,11485.25
signalling,446,449,0.5,15313.66
signalling,447,451,0.5,19142.08
signalling,448,450,0.5,22970.50
signalling,449,451,0.5,11485.25
signalling,450,453,0.5,15313.66
signalling,450,454,0.5,19142.08
signalling,451,453,0.5,22970.50
signalling,452,454,0.5,11485.25
signalling,452,456,0.5,19142.08
signalling,454,456,0.5,22970.50
signalling,454,457,0.5,30627.32
signalling,455,457,0.5,11485.25
signalling,455,459,0.5,19142.08
signalling,457,459,0.5,22970.50
signalling,457,461,0.5,19142.08
signalling,458,460,0.5,11485.25
signalling,458,461,0.5,30627.32
signalling,460,462,0.5,22970.50
signalling,460,464,0.5,19142.08
signalling,461,463,0.5,11485.25
signalling,462,465,0.5,45940.98
signalling,463,465,0.5,22970.50
signalling,464,466,0.5,11485.25
signalling,465,469,0.5,19142.08
signalling,466,468,0.5,22970.50
signalling,466,469,0.5,30627.32
signalling,466,470,0.5,19142.08
signalling,467,469,0.5,11485.25
signalling,469,471,0.5,22970.50
signalling,470,472,0.5,11485.25
signalling,470,473,0.5,30627.32
signalling,470,474,0.5,19142.08
signalling,471,475,0.5,19142.08
signalling,472,474,0.5,22970.50
signalling,473,475,0.5,11485.25
signalling,474,477,0.5,30627.32
signalling,475,477,0.5,22970.50
signalling,475,479,0.5,19142.08
signalling,476,478,0.5,11485.25
signalling,476,480,0.5,19142.08
signalling,478,480,0.5,22970.50
signalling,478,481,0.5,30627.32
signalling,479,481,0.5,11485.25
signalling,480,484,0.5,19142.08
signalling,481,483,0.5,22970.50
signalling,481,485,0.5,19142.08
signalling,482,485,0.5,30627.32
signalling,484,486,0.5,22970.50
signalling,485,489,0.5,19142.08
signalling,486,489,0.5,30627.32
signalling,486,490,0.5,19142.08
signalling,487,489,0.5,22970.50
signalling,490,492,0.5,11485.25
signalling,490,493,0.5,30627.32
signalling,490,494,0.5,19142.08
signalling,491,495,0.5,19142.08
signalling,493,495,0.5,11485.25
signalling,494,497,0.5,30627.32
signalling,495,498,0.5,15313.66
signalling,496,498,0.5,22970.50
signalling,496,500,0.5,19142.08
signalling,498,501,0.5,30627.32
signalling,499,501,0.5,34455.75
signalling,499,503,0.5,19142.08
signalling,501,505,0.5,19142.08
signalling,502,504,0.5,11485.25
signalling,502,505,0.5,30627.32
signalling,504,508,0.5,19142.08
signalling,505,507,0.5,11485.25
signalling,506,509,0.5,30627.32
signalling,506,510,0.5,19142.08
signalling,508,510,0.5,11485.25
signalling,509,511,0.5,11485.25
signalling,509,513,0.5,19142.08
signalling,510,513,0.5,30627.32
signalling,511,513,0.5,22970.50
signalling,511,515,0.5,19142.08
signalling,512,514,0.5,11485.25
signalling,514,517,0.5,30627.32
signalling,514,518,0.5,19142.08
signalling,515,517,0.5,22970.50
signalling,516,520,0.5,19142.08
signalling,518,521,0.5,30627.32
signalling,519,521,0.5,11485.25
signalling,519,523,0.5,19142.08
signalling,521,525,0.5,19142.08
signalling,522,525,0.5,30627.32
signalling,523,525,0.5,11485.25
signalling,524,528,0.5,19142.08
signalling,526,528,0.5,11485.25
signalling,526,529,0.5,30627.32
signalling,526,530,0.5,19142.08
signalling,528,530,0.5,11485.25
signalling,529,531,0.5,11485.25
signalling,529,532,0.5,15313.66
signalling,530,532,0.5,11485.25
signalling,530,533,0.5,45940.98
signalling,531,533,0.5,11485.25
signalling,531,534,0.5,15313.66
signalling,532,534,0.5,11485.25
signalling,533,535,0.5,11485.25
signalling,533,537,0.5,19142.08
signalling,534,537,0.5,45940.98
signalling,535,537,0.5,11485.25
signalling,535,539,0.5,19142.08
signalling,536,538,0.5,11485.25
signalling,538,541,0.5,45940.98
signalling,538,542,0.5,19142.08
signalling,539,541,0.5,22970.50
signalling,540,544,0.5,19142.08
signalling,542,545,0.5,45940.98
signalling,543,545,0.5,22970.50
signalling,543,547,0.5,19142.08
signalling,544,546,0.5,11485.25
signalling,545,548,0.5,15313.66
signalling,546,549,0.5,45940.98
signalling,547,549,0.5,22970.50
signalling,548,552,0.5,19142.08
signalling,549,553,0.5,19142.08
signalling,550,553,0.5,45940.98
signalling,553,557,0.5,19142.08
signalling,554,557,0.5,45940.98
signalling,554,558,0.5,19142.08
signalling,558,561,0.5,61254.64
signalling,559,561,0.5,11485.25
signalling,559,563,0.5,19142.08
signalling,560,562,0.5,11485.25
signalling,562,565,0.5,45940.98
signalling,562,566,0.5,19142.08
signalling,563,565,0.5,22970.50
signalling,564,568,0.5,19142.08
signalling,566,569,0.5,45940.98
signalling,567,569,0.5,11485.25
signalling,567,571,0.5,19142.08
signalling,569,572,0.5,15313.66
signalling,570,573,0.5,45940.98
signalling,571,573,0.5,11485.25
signalling,572,575,0.5,15313.66
signalling,573,577,0.5,19142.08
signalling,574,577,0.5,45940.98
signalling,576,580,0.5,19142.08
signalling,578,581,0.5,45940.98
signalling,578,582,0.5,19142.08
signalling,579,581,0.5,11485.25
signalling,581,585,0.5,19142.08
signalling,582,585,0.5,45940.98
signalling,583,587,0.5,19142.08
signalling,586,589,0.5,45940.98
signalling,586,590,0.5,19142.08
signalling,587,589,0.5,11485.25
signalling,588,590,0.5,11485.25
signalling,588,592,0.5,19142.08
signalling,590,593,0.5,45940.98
signalling,591,593,0.5,11485.25
signalling,591,595,0.5,19142.08
signalling,592,594,0.5,11485.25
signalling,593,597,0.5,19142.08
signalling,594,597,0.5,45940.98
signalling,595,597,0.5,11485.25
signalling,596,600,0.5,19142.08
signalling,598,601,0.5,45940.98
signalling,598,602,0.5,19142.08
signalling,599,601,0.5,11485.25
signalling,601,605,0.5,19142.08
signalling,602,605,0.5,45940.98
signalling,603,607,0.5,19142.08
signalling,606,609,0.5,61254.64
signalling,608,612,0.5,19142.08
signalling,610,613,0.5,61254.64
signalling,611,613,0.5,11485.25
signalling,613,615,0.5,11485.25
signalling,613,616,0.5,15313.66
signalling,614,617,0.5,45940.98
signalling,614,618,0.5,19142.08
signalling,615,617,0.5,11485.25
signalling,616,618,0.5,11485.25
signalling,617,621,0.5,19142.08
signalling,618,621,0.5,45940.98
signalling,619,621,0.5,11485.25
signalling,619,622,0.5,15313.66
signalling,622,625,0.5,45940.98
signalling,622,626,0.5,19142.08
signalling,623,625,0.5,11485.25
signalling,623,626,0.5,15313.66
signalling,624,626,0.5,11485.25
signalling,626,629,0.5,45940.98
signalling,627,629,0.5,22970.50
signalling,627,630,0.5,15313.66
signalling,627,631,0.5,19142.08
signalling,630,633,0.5,45940.98
signalling,631,633,0.5,11485.25
signalling,631,634,0.5,15313.66
signalling,632,636,0.5,19142.08
signalling,634,637,0.5,45940.98
signalling,635,637,0.5,11485.25
signalling,635,638,0.5,15313.66
signalling,637,641,0.5,19142.08
signalling,638,641,0.5,45940.98
signalling,639,642,0.5,15313.66
signalling,642,645,0.5,61254.64
signalling,643,645,0.5,22970.50
signalling,643,646,0.5,15313.66
signalling,646,649,0.5,61254.64
signalling,647,650,0.5,15313.66
signalling,650,652,0.5,11485.25
signalling,651,654,0.5,30627.32
signalling,653,656,0.5,15313.66
signalling,655,658,0.5,30627.32
signalling,657,660,0.5,15313.66
signalling,658,660,0.5,11485.25
signalling,659,662,0.5,30627.32
signalling,661,664,0.5,30627.32
signalling,662,664,0.5,11485.25
signalling,663,666,0.5,30627.32
signalling,665,668,0.5,30627.32
signalling,666,668,0.5,11485.25
signalling,667,670,0.5,30627.32
signalling,669,672,0.5,45940.98
signalling,670,672,0.5,11485.25
signalling,671,673,0.5,11485.25
signalling,671,674,0.5,30627.32
signalling,673,676,0.5,45940.98
signalling,674,676,0.5,22970.50
signalling,675,678,0.5,30627.32
signalling,677,680,0.5,45940.98
signalling,678,680,0.5,11485.25
signalling,679,682,0.5,30627.32
signalling,681,684,0.5,45940.98
signalling,683,686,0.5,30627.32
signalling,687,690,0.5,30627.32
signalling,691,694,0.5,30627.32
signalling,695,698,0.5,30627.32
signalling,699,702,0.5,30627.32
signalling,703,706,0.5,30627.32
signalling,707,710,0.5,30627.32
signalling,711,714,0.5,30627.32
signalling,715,718,0.5,30627.32
signalling,719,722,0.5,30627.32
signalling,723,726,0.5,30627.32
signalling,727,730,0.5,30627.32
signalling,731,734,0.5,45940.98
signalling,732,734,0.5,11485.25
signalling,735,738,0.5,61254.64
signalling,736,738,0.5,11485.25
signalling,739,742,0.5,61254.64
signalling,741,743,0.5,11485.25
signalling,743,746,0.5,61254.64
signalling,744,746,0.5,11485.25
signalling,745,747,0.5,11485.25
signalling,747,750,0.5,61254.64
signalling,748,750,0.5,22970.50
signalling,751,754,0.5,61254.64
signalling,752,754,0.5,11485.25
signalling,755,758,0.5,61254.64
signalling,756,758,0.5,11485.25
signalling,759,762,0.5,61254.64
signalling,760,762,0.5,11485.25
signalling,763,766,0.5,61254.64
signalling,764,766,0.5,11485.25
signalling,767,770,0.5,61254.64
signalling,768,770,0.5,11485.25
signalling,771,774,0.5,76568.30
signalling,775,778,0.5,76568.30
signalling,776,778,0.5,11485.25
signalling,779,782,0.5,76568.30
signalling,834,837,0.5,15313.66
signalling,838,841,0.5,15313.66
signalling,840,842,0.5,11485.25
signalling,842,845,0.5,15313.66
signalling,843,845,0.5,11485.25
signalling,846,849,0.5,15313.66
signalling,850,853,0.5,15313.66
signalling,854,857,0.5,15313.66
signalling,856,858,0.5,11485.25
signalling,858,861,0.5,30627.32
signalling,859,861,0.5,34455.75
signalling,862,864,0.5,11485.25
signalling,862,865,0.5,30627.32
signalling,865,867,0.5,11485.25
signalling,866,869,0.5,30627.32
signalling,868,870,0.5,11485.25
signalling,870,873,0.5,30627.32
signalling,871,873,0.5,22970.50
signalling,874,877,0.5,30627.32
signalling,876,878,0.5,11485.25
signalling,878,881,0.5,30627.32
signalling,879,881,0.5,11485.25
signalling,882,885,0.5,30627.32
signalling,884,886,0.5,11485.25
signalling,886,889,0.5,30627.32
signalling,887,889,0.5,22970.50
signalling,890,893,0.5,30627.32
signalling,894,897,0.5,30627.32
signalling,895,897,0.5,11485.25
signalling,898,901,0.5,30627.32
signalling,901,903,0.5,11485.25
signalling,902,905,0.5,45940.98
signalling,904,906,0.5,11485.25
signalling,906,909,0.5,45940.98
signalling,907,909,0.5,22970.50
signalling,908,910,0.5,11485.25
signalling,910,913,0.5,45940.98
signalling,911,913,0.5,11485.25
signalling,912,914,0.5,11485.25
signalling,914,917,0.5,45940.98
signalling,915,917,0.5,11485.25
signalling,918,921,0.5,45940.98
signalling,922,925,0.5,45940.98
signalling,923,925,0.5,11485.25
signalling,926,929,0.5,45940.98
signalling,927,929,0.5,11485.25
signalling,928,930,0.5,11485.25
signalling,930,933,0.5,45940.98
signalling,931,933,0.5,11485.25
signalling,934,937,0.5,45940.98
signalling,935,937,0.5,11485.25
signalling,938,941,0.5,45940.98
signalling,939,941,0.5,22970.50
signalling,942,945,0.5,45940.98
signalling,943,945,0.5,11485.25
signalling,946,949,0.5,45940.98
signalling,947,949,0.5,11485.25
signalling,950,953,0.5,45940.98
signalling,957,959,0.5,11485.25
signalling,960,963,0.5,45940.98
signalling,961,963,0.5,11485.25
signalling,964,967,0.5,61254.64
solar_plant,1001,1005,0.45,612833.14
solar_plant,1006,1015,0.45,1225666.28
solar_plant,101,105,0.45,306416.57
solar_plant,1016,1020,0.45,612833.14
solar_plant,1021,1030,0.45,1225666.28
solar_plant,1031,1035,0.45,612833.14
solar_plant,1036,1045,0.45,1225666.28
solar_plant,1046,1050,0.45,612833.14
solar_plant,1051,1060,0.45,1225666.28
solar_plant,106,115,0.45,612833.14
solar_plant,1061,1065,0.45,612833.96
solar_plant,108,112,0.45,306416.57
solar_plant,113,122,0.45,612833.14
solar_plant,116,120,0.45,306416.57
solar_plant,121,130,0.45,612833.14
solar_plant,123,127,0.45,306416.57
solar_plant,128,137,0.45,612833.14
solar_plant,131,135,0.45,306416.57
solar_plant,136,145,0.45,612833.14
solar_plant,138,142,0.45,306416.57
solar_plant,143,152,0.45,612833.14
solar_plant,146,150,0.45,306416.57
solar_plant,151,160,0.45,612833.14
solar_plant,153,157,0.45,306416.57
solar_plant,158,167,0.45,612833.14
solar_plant,161,165,0.45,306416.57
solar_plant,166,175,0.45,612833.14
solar_plant,168,172,0.45,306416.57
solar_plant,173,182,0.45,612833.14
solar_plant,176,180,0.45,306416.57
solar_plant,181,190,0.45,612833.14
solar_plant,183,187,0.45,306416.57
solar_plant,188,197,0.45,612833.14
solar_plant,191,195,0.45,306416.57
solar_plant,196,205,0.45,612833.14
solar_plant,198,202,0.45,306416.57
solar_plant,203,212,0.45,612833.14
solar_plant,206,210,0.45,306416.57
solar_plant,211,220,0.45,612833.14
solar_plant,213,217,0.45,306416.57
solar_plant,218,227,0.45,612833.14
solar_plant,221,225,0.45,306416.57
solar_plant,226,235,0.45,612833.14
solar_plant,228,232,0.45,306416.57
solar_plant,233,242,0.45,612833.14
solar_plant,236,240,0.45,306416.57
solar_plant,241,250,0.45,612833.14
solar_plant,243,247,0.45,306416.57
solar_plant,248,257,0.45,612833.14
solar_plant,251,255,0.45,306416.57
solar_plant,256,265,0.45,612833.14
solar_plant,258,262,0.45,306416.57
solar_plant,263,272,0.45,612833.14
solar_plant,266,270,0.45,306416.57
solar_plant,271,280,0.45,612833.14
solar_plant,273,277,0.45,306416.57
solar_plant,278,287,0.45,612833.14
solar_plant,281,285,0.45,306416.57
solar_plant,286,295,0.45,612833.14
solar_plant,288,292,0.45,306416.57
solar_plant,293,302,0.45,612833.14
solar_plant,296,300,0.45,306416.57
solar_plant,301,310,0.45,612833.14
solar_plant,303,307,0.45,306416.57
solar_plant,308,317,0.45,612833.14
solar_plant,311,315,0.45,306416.57
solar_plant,316,325,0.45,612833.14
solar_plant,318,322,0.45,306416.57
solar_plant,323,332,0.45,612833.14
solar_plant,326,330,0.45,306416.57
solar_plant,331,340,0.45,612833.14
solar_plant,333,337,0.45,306416.57
solar_plant,338,347,0.45,612833.14
solar_plant,341,345,0.45,306416.57
solar_plant,346,355,0.45,612833.14
solar_plant,348,352,0.45,306416.57
solar_plant,353,362,0.45,612833.14
solar_plant,356,360,0.45,306416.57
solar_plant,361,370,0.45,612833.14
solar_plant,363,367,0.45,306416.57
solar_plant,368,377,0.45,612833.14
solar_plant,371,375,0.45,306416.57
solar_plant,376,385,0.45,612833.14
solar_plant,378,382,0.45,306416.57
solar_plant,383,392,0.45,612833.14
solar_plant,386,390,0.45,306416.57
solar_plant,391,400,0.45,612833.14
solar_plant,393,397,0.45,306416.57
solar_plant,398,407,0.45,612833.14
solar_plant,401,405,0.45,306416.57
solar_plant,406,415,0.45,612833.14
solar_plant,408,412,0.45,306416.57
solar_plant,413,422,0.45,612833.14
solar_plant,416,420,0.45,306416.57
solar_plant,421,430,0.45,612833.14
solar_plant,423,427,0.45,306416.57
solar_plant,428,437,0.45,612833.14
solar_plant,431,435,0.45,306416.57
solar_plant,436,445,0.45,612833.14
solar_plant,438,442,0.45,306416.57
solar_plant,443,452,0.45,612833.14
solar_plant,446,450,0.45,306416.57
solar_plant,451,460,0.45,612833.14
solar_plant,453,457,0.45,306416.57
solar_plant,458,467,0.45,612833.14
solar_plant,461,465,0.45,306416.57
solar_plant,466,475,0.45,612833.14
solar_plant,468,472,0.45,306416.57
solar_plant,473,482,0.45,612833.14
solar_plant,476,480,0.45,306416.57
solar_plant,481,490,0.45,612833.14
solar_plant,483,487,0.45,306416.57
solar_plant,488,497,0.45,612833.14
solar_plant,491,495,0.45,306416.57
solar_plant,496,505,0.45,612833.14
solar_plant,498,502,0.45,306416.57
solar_plant,503,512,0.45,612833.14
solar_plant,506,510,0.45,306416.57
solar_plant,511,520,0.45,612833.14
solar_plant,513,517,0.45,306416.57
solar_plant,518,527,0.45,612833.14
solar_plant,521,525,0.45,306416.57
solar_plant,526,535,0.45,612833.14
solar_plant,528,532,0.45,306416.57
solar_plant,53,62,0.45,612833.14
solar_plant,533,542,0.45,612833.14
solar_plant,536,540,0.45,306416.57
solar_plant,541,550,0.45,612833.14
solar_plant,543,547,0.45,306416.57
solar_plant,548,557,0.45,612833.14
solar_plant,551,555,0.45,306416.57
solar_plant,556,565,0.45,612833.14
solar_plant,558,562,0.45,306416.57
solar_plant,563,572,0.45,612833.14
solar_plant,566,570,0.45,306416.57
solar_plant,571,580,0.45,612833.14
solar_plant,573,577,0.45,306416.57
solar_plant,578,587,0.45,612833.14
solar_plant,581,585,0.45,306416.57
solar_plant,586,595,0.45,612833.14
solar_plant,588,592,0.45,306416.57
solar_plant,593,602,0.45,612833.14
solar_plant,596,600,0.45,306416.57
solar_plant,601,610,0.45,612833.14
solar_plant,603,607,0.45,306416.57
solar_plant,608,617,0.45,612833.14
solar_plant,61,70,0.45,612833.14
solar_plant,611,615,0.45,306416.57
solar_plant,616,625,0.45,612833.14
solar_plant,618,622,0.45,306416.57
solar_plant,623,632,0.45,612833.14
solar_plant,626,630,0.45,306416.57
solar_plant,63,67,0.45,306416.57
solar_plant,631,640,0.45,612833.14
solar_plant,633,637,0.45,306416.57
solar_plant,638,647,0.45,612833.14
solar_plant,641,645,0.45,306416.57
solar_plant,646,655,0.45,612833.14
solar_plant,648,652,0.45,306416.57
solar_plant,653,662,0.45,612833.14
solar_plant,656,660,0.45,306416.57
solar_plant,661,670,0.45,612833.14
solar_plant,663,667,0.45,306416.57
solar_plant,668,677,0.45,612833.14
solar_plant,671,675,0.45,306416.57
solar_plant,676,685,0.45,612833.14
solar_plant,678,682,0.45,306416.57
solar_plant,68,77,0.45,612833.14
solar_plant,683,692,0.45,612833.14
solar_plant,686,690,0.45,306416.57
solar_plant,691,700,0.45,612833.14
solar_plant,693,697,0.45,306416.57
solar_plant,698,707,0.45,612833.14
solar_plant,701,705,0.45,306416.57
solar_plant,706,715,0.45,612833.14
solar_plant,708,712,0.45,306416.57
solar_plant,71,75,0.45,306416.57
solar_plant,713,722,0.45,612833.14
solar_plant,716,720,0.45,306416.57
solar_plant,721,730,0.45,612833.14
solar_plant,723,727,0.45,306416.57
solar_plant,728,737,0.45,612833.14
solar_plant,731,735,0.45,306416.57
solar_plant,736,745,0.45,612833.14
solar_plant,738,742,0.45,306416.57
solar_plant,743,752,0.45,612833.14
solar_plant,746,750,0.45,306416.57
solar_plant,751,760,0.45,612833.14
solar_plant,753,757,0.45,306416.57
solar_plant,758,767,0.45,612833.14
solar_plant,76,85,0.45,612833.14
solar_plant,761,765,0.45,306416.57
solar_plant,766,775,0.45,612833.14
solar_plant,768,772,0.45,306416.57
solar_plant,773,782,0.45,612833.14
solar_plant,776,780,0.45,306416.57
solar_plant,78,82,0.45,306416.57
solar_plant,781,790,0.45,612833.14
solar_plant,783,787,0.45,306416.57
solar_plant,788,797,0.45,612833.14
solar_plant,791,795,0.45,306416.57
solar_plant,796,805,0.45,612833.14
solar_plant,798,802,0.45,306416.57
solar_plant,803,812,0.45,612833.14
solar_plant,806,810,0.45,306416.57
solar_plant,811,820,0.45,612833.14
solar_plant,813,817,0.45,306416.57
solar_plant,818,827,0.45,612833.14
solar_plant,821,825,0.45,306416.57
solar_plant,826,835,0.45,612833.14
solar_plant,828,832,0.45,306416.57
solar_plant,83,92,0.45,612833.14
solar_plant,833,842,0.45,612833.14
solar_plant,836,840,0.45,306416.57
solar_plant,841,850,0.45,612833.14
solar_plant,843,847,0.45,306416.57
solar_plant,848,857,0.45,612833.14
solar_plant,851,855,0.45,306416.57
solar_plant,856,865,0.45,612833.14
solar_plant,858,862,0.45,306416.57
solar_plant,86,90,0.45,306416.57
solar_plant,863,872,0.45,612833.14
solar_plant,866,870,0.45,306416.57
solar_plant,871,880,0.45,612833.14
solar_plant,873,877,0.45,306416.57
solar_plant,878,887,0.45,612833.14
solar_plant,881,885,0.45,306416.57
solar_plant,886,895,0.45,612833.14
solar_plant,888,892,0.45,306416.57
solar_plant,893,902,0.45,612833.14
solar_plant,896,900,0.45,306416.57
solar_plant,901,910,0.45,612833.14
solar_plant,903,907,0.45,306416.57
solar_plant,908,917,0.45,612833.14
solar_plant,91,100,0.45,612833.14
solar_plant,911,915,0.45,306416.57
solar_plant,916,925,0.45,612833.14
solar_plant,918,922,0.45,306416.57
solar_plant,923,932,0.45,612833.14
solar_plant,926,930,0.45,306416.57
solar_plant,93,97,0.45,306416.57
solar_plant,931,940,0.45,612833.14
solar_plant,933,937,0.45,306416.57
solar_plant,938,947,0.45,612833.14
solar_plant,941,945,0.45,306416.57
solar_plant,946,955,0.45,612833.14
solar_plant,948,952,0.45,306416.57
solar_plant,953,962,0.45,612833.14
solar_plant,956,960,0.45,306416.57
solar_plant,961,970,0.45,612833.14
solar_plant,963,967,0.45,306416.57
solar_plant,971,975,0.45,306416.57
solar_plant,976,985,0.45,1225666.28
solar_plant,98,107,0.45,612833.14
solar_plant,986,990,0.45,612833.14
solar_plant,991,1000,0.45,1225666.28
stations,1000,1013,0.2,6417444.44
stations,1004,1013,0.2,4583888.88
stations,1014,1023,0.2,4583888.88
stations,1014,1027,0.2,6417444.44
stations,1026,1035,0.2,2291944.44
stations,1028,1037,0.2,2291944.44
stations,1028,1041,0.2,6417444.44
stations,1036,1045,0.2,2291944.44
stations,104,117,0.2,6417444.44
stations,1042,1055,0.2,6417444.44
stations,1046,1055,0.2,4583888.88
stations,1056,1065,0.2,4583889.88
stations,118,131,0.2,6417444.44
stations,132,145,0.2,6417444.44
stations,146,159,0.2,6417444.44
stations,160,173,0.2,6417444.44
stations,174,187,0.2,6417444.44
stations,188,201,0.2,6417444.44
stations,20,33,0.2,6417444.44
stations,202,215,0.2,6417444.44
stations,216,229,0.2,6417444.44
stations,230,243,0.2,6417444.44
stations,244,257,0.2,6417444.44
stations,258,271,0.2,6417444.44
stations,265,274,0.2,4583888.88
stations,272,285,0.2,6417444.44
stations,275,284,0.2,4583888.88
stations,285,294,0.2,4583888.88
stations,286,299,0.2,6417444.44
stations,295,304,0.2,4583888.88
stations,300,313,0.2,6417444.44
stations,305,314,0.2,4583888.88
stations,314,327,0.2,6417444.44
stations,315,324,0.2,4583888.88
stations,325,334,0.2,4583888.88
stations,328,341,0.2,6417444.44
stations,335,344,0.2,4583888.88
stations,34,47,0.2,6417444.44
stations,342,355,0.2,6417444.44
stations,345,354,0.2,4583888.88
stations,355,364,0.2,4583888.88
stations,356,369,0.2,6417444.44
stations,365,374,0.2,4583888.88
stations,370,383,0.2,6417444.44
stations,375,384,0.2,4583888.88
stations,384,397,0.2,6417444.44
stations,385,394,0.2,4583888.88
stations,395,404,0.2,4583888.88
stations,398,411,0.2,6417444.44
stations,405,414,0.2,4583888.88
stations,412,425,0.2,6417444.44
stations,415,424,0.2,4583888.88
stations,425,434,0.2,4583888.88
stations,426,439,0.2,6417444.44
stations,435,444,0.2,4583888.88
stations,440,453,0.2,6417444.44
stations,445,454,0.2,4583888.88
stations,454,467,0.2,6417444.44
stations,455,464,0.2,4583888.88
stations,465,474,0.2,4583888.88
stations,468,481,0.2,6417444.44
stations,475,484,0.2,4583888.88
stations,48,61,0.2,6417444.44
stations,482,495,0.2,6417444.44
stations,485,494,0.2,4583888.88
stations,495,504,0.2,4583888.88
stations,496,509,0.2,6417444.44
stations,505,514,0.2,4583888.88
stations,510,523,0.2,6417444.44
stations,515,524,0.2,4583888.88
stations,524,537,0.2,6417444.44
stations,525,534,0.2,4583888.88
stations,535,544,0.2,4583888.88
stations,538,551,0.2,6417444.44
stations,545,554,0.2,4583888.88
stations,552,565,0.2,6417444.44
stations,555,564,0.2,4583888.88
stations,565,574,0.2,4583888.88
stations,566,579,0.2,6417444.44
stations,575,584,0.2,4583888.88
stations,580,593,0.2,6417444.44
stations,585,594,0.2,4583888.88
stations,594,607,0.2,6417444.44
stations,595,604,0.2,4583888.88
stations,6,19,0.2,6417444.44
stations,605,614,0.2,4583888.88
stations,608,621,0.2,6417444.44
stations,615,624,0.2,4583888.88
stations,62,75,0.2,6417444.44
stations,622,635,0.2,6417444.44
stations,625,634,0.2,4583888.88
stations,635,644,0.2,4583888.88
stations,636,649,0.2,6417444.44
stations,645,654,0.2,4583888.88
stations,650,663,0.2,6417444.44
stations,655,664,0.2,4583888.88
stations,664,677,0.2,6417444.44
stations,665,674,0.2,4583888.88
stations,675,684,0.2,4583888.88
stations,678,691,0.2,6417444.44
stations,692,705,0.2,6417444.44
stations,704,713,0.2,2291944.44
stations,706,719,0.2,6417444.44
stations,708,717,0.2,2291944.44
stations,714,723,0.2,2291944.44
stations,718,727,0.2,2291944.44
stations,720,733,0.2,6417444.44
stations,724,733,0.2,2291944.44
stations,728,737,0.2,2291944.44
stations,734,743,0.2,2291944.44
stations,734,747,0.2,6417444.44
stations,738,747,0.2,2291944.44
stations,744,753,0.2,2291944.44
stations,748,757,0.2,2291944.44
stations,748,761,0.2,6417444.44
stations,754,763,0.2,2291944.44
stations,758,767,0.2,2291944.44
stations,76,89,0.2,6417444.44
stations,762,775,0.2,6417444.44
stations,764,773,0.2,2291944.44
stations,768,777,0.2,2291944.44
stations,774,783,0.2,2291944.44
stations,776,789,0.2,6417444.44
stations,778,787,0.2,2291944.44
stations,784,793,0.2,2291944.44
stations,788,797,0.2,2291944.44
stations,790,803,0.2,6417444.44
stations,794,803,0.2,2291944.44
stations,798,807,0.2,2291944.44
stations,804,813,0.2,2291944.44
stations,804,817,0.2,6417444.44
stations,808,817,0.2,2291944.44
stations,814,823,0.2,2291944.44
stations,818,827,0.2,2291944.44
stations,818,831,0.2,6417444.44
stations,824,833,0.2,2291944.44
stations,828,837,0.2,2291944.44
stations,832,845,0.2,6417444.44
stations,834,843,0.2,2291944.44
stations,838,847,0.2,2291944.44
stations,844,853,0.2,2291944.44
stations,846,859,0.2,6417444.44
stations,848,857,0.2,2291944.44
stations,854,863,0.2,2291944.44
stations,858,867,0.2,2291944.44
stations,860,873,0.2,6417444.44
stations,864,873,0.2,2291944.44
stations,868,877,0.2,2291944.44
stations,874,883,0.2,2291944.44
stations,874,887,0.2,6417444.44
stations,878,887,0.2,2291944.44
stations,884,893,0.2,2291944.44
stations,888,897,0.2,2291944.44
stations,888,901,0.2,6417444.44
stations,894,903,0.2,2291944.44
stations,898,907,0.2,2291944.44
stations,90,103,0.2,6417444.44
stations,902,915,0.2,6417444.44
stations,904,913,0.2,2291944.44
stations,908,917,0.2,2291944.44
stations,914,923,0.2,2291944.44
stations,916,929,0.2,6417444.44
stations,918,927,0.2,2291944.44
stations,924,933,0.2,2291944.44
stations,928,937,0.2,2291944.44
stations,930,943,0.2,6417444.44
stations,934,943,0.2,2291944.44
stations,938,947,0.2,2291944.44
stations,944,953,0.2,2291944.44
stations,944,957,0.2,6417444.44
stations,948,957,0.2,2291944.44
stations,958,967,0.2,4583888.88
stations,958,971,0.2,6417444.44
stations,972,985,0.2,6417444.44
stations,984,993,0.2,2291944.44
stations,986,999,0.2,6417444.44
stations,994,1003,0.2,4583888.88
