
                        S T E P       1


                                INCREMENT     1


 displacements (vx,vy,vz) for set ALLN and time  0.1000000E+01

         1  1.058740E-06 -1.131032E-07 -1.425288E-03
         2  1.084202E-19  0.000000E+00  6.432156E-21
         3  6.352438E-06 -8.975368E-06 -1.297610E-01
         4  1.270488E-05 -2.817447E-05  0.000000E+00
         5  1.164614E-05 -4.097387E-05  3.162394E-01
         6  1.960610E-04  1.242055E-04  6.443260E-01
         7  1.950023E-04  8.673617E-19  3.469447E-18
         8  2.013547E-04 -1.771632E-04 -4.951700E-01
         9  2.077072E-04 -3.441026E-04 -3.469447E-18
        10  2.066484E-04 -4.553956E-04  6.608201E-01
        11  0.000000E+00  0.000000E+00  0.000000E+00
        12  0.000000E+00  0.000000E+00  0.000000E+00
        13  0.000000E+00  0.000000E+00  0.000000E+00
        14  0.000000E+00  0.000000E+00  0.000000E+00
        15  0.000000E+00  0.000000E+00  0.000000E+00
        16  1.650536E-05 -4.798240E-05 -3.953243E-01
        17  6.464381E-05 -9.306927E-05 -7.710599E-01
        18  1.494615E-04 -1.381561E-04 -6.936512E-01
        19  0.000000E+00  0.000000E+00  0.000000E+00
        20  0.000000E+00  0.000000E+00  0.000000E+00
        21  0.000000E+00  0.000000E+00  0.000000E+00
        22  0.000000E+00  0.000000E+00  0.000000E+00
        23  0.000000E+00  0.000000E+00  0.000000E+00
        24  0.000000E+00  0.000000E+00  0.000000E+00
        25  0.000000E+00  0.000000E+00  0.000000E+00
        26  2.175461E-02  9.025708E-02 -3.996523E-01
        27  0.000000E+00  0.000000E+00  0.000000E+00
        28  0.000000E+00  0.000000E+00  0.000000E+00
        29  5.346253E-03 -5.483929E-02 -6.979792E-01

 stresses (elem, integ.pnt.,sxx,syy,szz,sxy,sxz,syz) for set ALLE and time  0.1000000E+01

         1   1  7.481388E-01  2.706246E-01  3.617887E-01  1.419471E-01 -4.764147E-01  1.854899E-01
         1   2  6.027204E-01 -6.680463E-02  2.181574E-01  1.106847E+00  1.212159E+00 -5.852100E-02
         1   3 -6.027554E-01 -3.083500E-01 -2.171803E-01  1.807160E-01  4.764147E-01  1.587584E-02
         1   4 -7.481038E-01 -6.457093E-01 -3.606484E-01  1.145615E+00 -1.212159E+00  1.110930E-01
         1   5 -7.481038E-01 -2.713647E-01 -3.625344E-01 -1.419471E-01 -4.764093E-01  1.854765E-01
         1   6 -6.027554E-01  6.966217E-02 -2.153988E-01 -1.106847E+00  1.212165E+00 -5.850767E-02
         1   7  6.027204E-01  3.075400E-01  2.163759E-01 -1.807160E-01  4.764093E-01  1.586251E-02
         1   8  7.481388E-01  6.486368E-01  3.636748E-01 -1.145615E+00 -1.212165E+00  1.111064E-01
         2   1  1.680397E+00  1.196977E-01 -2.136058E-01  3.532710E+00 -4.068069E+00 -7.969063E-02
         2   2  1.815765E+00  4.306312E-01 -8.309308E-02  2.801279E+00 -5.348073E+00  7.875705E-02
         2   3  2.362469E+00  4.122964E-01  7.891924E-02  3.508650E+00  1.259923E+00  7.820807E-02
         2   4  2.497784E+00  7.231774E-01  2.093097E-01  2.777219E+00  2.539927E+00 -7.914165E-02
         2   5 -1.679800E+00 -1.190688E-01  2.143083E-01 -3.532614E+00 -4.068071E+00 -7.968065E-02
         2   6 -1.815115E+00 -4.397301E-01  7.413760E-02 -2.801183E+00 -5.348076E+00  7.874707E-02
         2   7 -2.363066E+00 -4.116150E-01 -7.831144E-02 -3.508554E+00  1.259926E+00  7.821805E-02
         2   8 -2.498434E+00 -7.323287E-01 -2.186044E-01 -2.777123E+00  2.539930E+00 -7.915163E-02
         3   1 -6.680231E+00 -1.805554E+00 -2.141612E-01  3.726198E-02  5.692680E-01 -2.445317E-01
         3   2 -6.261033E+00 -8.225370E-01  2.099262E-01  3.726198E-02  5.692680E-01  2.445317E-01
         3   3 -6.680231E+00 -1.805554E+00 -2.141612E-01 -3.726198E-02  5.692680E-01  2.445317E-01
         3   4 -6.261033E+00 -8.225370E-01  2.099262E-01 -3.726198E-02  5.692680E-01 -2.445317E-01
         3   5  6.680231E+00  1.796429E+00  2.050361E-01 -3.726198E-02  5.692680E-01 -2.445317E-01
         3   6  6.261033E+00  8.231921E-01 -2.092711E-01 -3.726198E-02  5.692680E-01  2.445317E-01
         3   7  6.680231E+00  1.796429E+00  2.050361E-01  3.726198E-02  5.692680E-01  2.445317E-01
         3   8  6.261033E+00  8.231921E-01 -2.092711E-01  3.726198E-02  5.692680E-01 -2.445317E-01
         4   1  2.251499E-01  1.109369E+00  2.265961E-01 -6.003996E-02 -1.576263E-13  2.626748E-01
         4   2 -2.251499E-01  5.683614E-02 -2.255374E-01 -6.003996E-02 -1.970329E-13 -2.626748E-01
         4   3  2.251499E-01  1.109369E+00  2.265961E-01  6.003996E-02 -1.751404E-14 -2.626748E-01
         4   4 -2.251499E-01  5.683614E-02 -2.255374E-01  6.003996E-02  2.627105E-14  2.626748E-01
         4   5 -2.251499E-01 -1.106477E+00 -2.237036E-01  6.003996E-02 -1.620048E-13  2.626748E-01
         4   6  2.251499E-01 -5.761119E-02  2.247623E-01  6.003996E-02 -1.838974E-13 -2.626748E-01
         4   7 -2.251499E-01 -1.106477E+00 -2.237036E-01 -6.003996E-02 -8.757018E-15 -2.626748E-01
         4   8  2.251499E-01 -5.761119E-02  2.247623E-01 -6.003996E-02  2.627105E-14  2.626748E-01
         5   1 -3.079629E-01  7.786181E-02 -3.083477E-01  8.211878E-02  2.666013E-06 -3.592763E-01
         5   2  3.079629E-01  1.516809E+00  3.094586E-01  8.211878E-02  2.666013E-06  3.592763E-01
         5   3 -3.079279E-01  7.789681E-02 -3.083183E-01 -8.211878E-02 -2.666013E-06  3.592630E-01
         5   4  3.079279E-01  1.516774E+00  3.093248E-01 -8.211878E-02 -2.666013E-06 -3.592630E-01
         5   5  3.079279E-01 -7.867186E-02  3.075432E-01 -8.211878E-02 -2.666013E-06 -3.592630E-01
         5   6 -3.079279E-01 -1.513882E+00 -3.064322E-01 -8.211878E-02 -2.666014E-06  3.592630E-01
         5   7  3.079629E-01 -7.863687E-02  3.075726E-01  8.211878E-02  2.666013E-06  3.592763E-01
         5   8 -3.079629E-01 -1.513917E+00 -3.065661E-01  8.211878E-02  2.666013E-06 -3.592763E-01
         6   1 -8.563736E+00 -1.125120E+00  2.869794E-01 -5.101255E-02 -7.786093E-01  3.344597E-01
         6   2 -9.137113E+00 -2.467856E+00 -2.913228E-01 -5.101255E-02 -7.786093E-01 -3.344597E-01
         6   3 -8.563138E+00 -1.125147E+00  2.870267E-01  5.091652E-02 -7.786067E-01 -3.344497E-01
         6   4 -9.136463E+00 -2.467829E+00 -2.911532E-01  5.091652E-02 -7.786067E-01  3.344497E-01
         6   5  8.563138E+00  1.125802E+00 -2.863716E-01  5.091652E-02 -7.786067E-01  3.344497E-01
         6   6  9.136463E+00  2.458704E+00  2.820282E-01  5.091652E-02 -7.786067E-01 -3.344497E-01
         6   7  8.563736E+00  1.125776E+00 -2.863242E-01 -5.101255E-02 -7.786093E-01 -3.344597E-01
         6   8  9.137113E+00  2.458731E+00  2.821978E-01 -5.101255E-02 -7.786093E-01  3.344597E-01
         7   1 -9.616409E+00 -2.597148E+00 -3.062866E-01  5.363983E-02  8.194797E-01 -3.520114E-01
         7   2 -9.012961E+00 -1.184213E+00  3.020516E-01  5.363983E-02  8.194797E-01  3.520114E-01
         7   3 -9.616409E+00 -2.597148E+00 -3.062866E-01 -5.363983E-02  8.194797E-01  3.520114E-01
         7   4 -9.012961E+00 -1.184213E+00  3.020516E-01 -5.363983E-02  8.194797E-01 -3.520114E-01
         7   5  9.616409E+00  2.588023E+00  2.971615E-01 -5.363983E-02  8.194797E-01 -3.520114E-01
         7   6  9.012961E+00  1.184868E+00 -3.013965E-01 -5.363983E-02  8.194797E-01  3.520114E-01
         7   7  9.616409E+00  2.588023E+00  2.971615E-01  5.363983E-02  8.194797E-01  3.520114E-01
         7   8  9.012961E+00  1.184868E+00 -3.013965E-01  5.363983E-02  8.194797E-01 -3.520114E-01
         8   1  3.241105E-01  1.596337E+00  3.255568E-01 -8.642947E-02 -4.466079E-13  3.781289E-01
         8   2 -3.241105E-01  8.198780E-02 -3.244981E-01 -8.642947E-02 -3.940658E-13 -3.781289E-01
         8   3  3.241105E-01  1.596337E+00  3.255568E-01  8.642947E-02  3.502807E-14 -3.781289E-01
         8   4 -3.241105E-01  8.198780E-02 -3.244981E-01  8.642947E-02  0.000000E+00  3.781289E-01
         8   5 -3.241105E-01 -1.593445E+00 -3.226643E-01  8.642947E-02 -4.203368E-13  3.781289E-01
         8   6  3.241105E-01 -8.276285E-02  3.237230E-01  8.642947E-02 -3.853088E-13 -3.781289E-01
         8   7 -3.241105E-01 -1.593445E+00 -3.226643E-01 -8.642947E-02  3.502807E-14 -3.781289E-01
         8   8  3.241105E-01 -8.276285E-02  3.237230E-01 -8.642947E-02  0.000000E+00  3.781289E-01
         9   1  0.000000E+00  0.000000E+00  0.000000E+00  0.000000E+00  0.000000E+00  0.000000E+00
         9   2  0.000000E+00  0.000000E+00  0.000000E+00  0.000000E+00  0.000000E+00  0.000000E+00
         9   3  0.000000E+00  0.000000E+00  0.000000E+00  0.000000E+00  0.000000E+00  0.000000E+00
         9   4  0.000000E+00  0.000000E+00  0.000000E+00  0.000000E+00  0.000000E+00  0.000000E+00
         9   5  0.000000E+00  0.000000E+00  0.000000E+00  0.000000E+00  0.000000E+00  0.000000E+00
         9   6  0.000000E+00  0.000000E+00  0.000000E+00  0.000000E+00  0.000000E+00  0.000000E+00
         9   7  0.000000E+00  0.000000E+00  0.000000E+00  0.000000E+00  0.000000E+00  0.000000E+00
         9   8  0.000000E+00  0.000000E+00  0.000000E+00  0.000000E+00  0.000000E+00  0.000000E+00
        10   1  0.000000E+00  0.000000E+00  0.000000E+00  0.000000E+00  0.000000E+00  0.000000E+00
        10   2  0.000000E+00  0.000000E+00  0.000000E+00  0.000000E+00  0.000000E+00  0.000000E+00
        10   3  0.000000E+00  0.000000E+00  0.000000E+00  0.000000E+00  0.000000E+00  0.000000E+00
        10   4  0.000000E+00  0.000000E+00  0.000000E+00  0.000000E+00  0.000000E+00  0.000000E+00
        10   5  0.000000E+00  0.000000E+00  0.000000E+00  0.000000E+00  0.000000E+00  0.000000E+00
        10   6  0.000000E+00  0.000000E+00  0.000000E+00  0.000000E+00  0.000000E+00  0.000000E+00
        10   7  0.000000E+00  0.000000E+00  0.000000E+00  0.000000E+00  0.000000E+00  0.000000E+00
        10   8  0.000000E+00  0.000000E+00  0.000000E+00  0.000000E+00  0.000000E+00  0.000000E+00
        11   1  0.000000E+00  0.000000E+00  0.000000E+00  0.000000E+00  0.000000E+00  0.000000E+00
        11   2  0.000000E+00  0.000000E+00  0.000000E+00  0.000000E+00  0.000000E+00  0.000000E+00
        11   3  0.000000E+00  0.000000E+00  0.000000E+00  0.000000E+00  0.000000E+00  0.000000E+00
        11   4  0.000000E+00  0.000000E+00  0.000000E+00  0.000000E+00  0.000000E+00  0.000000E+00
        11   5  0.000000E+00  0.000000E+00  0.000000E+00  0.000000E+00  0.000000E+00  0.000000E+00
        11   6  0.000000E+00  0.000000E+00  0.000000E+00  0.000000E+00  0.000000E+00  0.000000E+00
        11   7  0.000000E+00  0.000000E+00  0.000000E+00  0.000000E+00  0.000000E+00  0.000000E+00
        11   8  0.000000E+00  0.000000E+00  0.000000E+00  0.000000E+00  0.000000E+00  0.000000E+00
        12   1  0.000000E+00  0.000000E+00  0.000000E+00  0.000000E+00  0.000000E+00  0.000000E+00
        12   2  0.000000E+00  0.000000E+00  0.000000E+00  0.000000E+00  0.000000E+00  0.000000E+00
        12   3  0.000000E+00  0.000000E+00  0.000000E+00  0.000000E+00  0.000000E+00  0.000000E+00
        12   4  0.000000E+00  0.000000E+00  0.000000E+00  0.000000E+00  0.000000E+00  0.000000E+00
        12   5  0.000000E+00  0.000000E+00  0.000000E+00  0.000000E+00  0.000000E+00  0.000000E+00
        12   6  0.000000E+00  0.000000E+00  0.000000E+00  0.000000E+00  0.000000E+00  0.000000E+00
        12   7  0.000000E+00  0.000000E+00  0.000000E+00  0.000000E+00  0.000000E+00  0.000000E+00
        12   8  0.000000E+00  0.000000E+00  0.000000E+00  0.000000E+00  0.000000E+00  0.000000E+00
        13   1  4.533890E-01  1.469347E+00  1.313985E-02 -3.746683E-01  2.189254E-14 -2.690394E+00
        13   2  5.058432E-01  1.469347E+00  6.559411E-02 -3.746683E-01  0.000000E+00 -2.690394E+00
        13   3  4.533890E-01  1.467551E+00  1.260101E-02 -3.746683E-01  1.313553E-14 -1.774538E+00
        13   4  5.058432E-01  1.467551E+00  6.505527E-02 -3.746683E-01 -8.757018E-15 -1.774538E+00
        13   5 -4.276481E-01 -1.467443E+00  1.313985E-02  3.746683E-01 -1.094627E-14 -2.690394E+00
        13   6 -3.751938E-01 -1.467443E+00  6.559411E-02  3.746683E-01  0.000000E+00 -2.690394E+00
        13   7 -4.276481E-01 -1.469239E+00  1.260101E-02  3.746683E-01 -1.970329E-14 -1.774538E+00
        13   8 -3.751938E-01 -1.469239E+00  6.505527E-02  3.746683E-01 -6.567763E-15 -1.774538E+00
        14   1 -1.833820E+00 -8.099730E+00 -4.794488E-01 -5.170335E-01  4.493670E-01 -6.549367E-01
        14   2  6.666928E-01 -6.996777E+00  5.501491E-01 -5.812353E-01 -4.493670E-01 -5.764679E-01
        14   3 -1.862185E+00 -8.167556E+00 -5.081586E-01 -3.013221E-01 -4.494305E-01  2.304079E-01
        14   4  6.385604E-01 -7.064370E+00  5.219826E-01 -3.655239E-01  4.494305E-01  1.519391E-01
        14   5  1.949399E+00  8.101751E+00  5.953721E-01  5.170335E-01  4.494305E-01 -6.549181E-01
        14   6 -6.977472E-01  6.998565E+00 -5.811694E-01  5.812353E-01 -4.494305E-01 -5.764492E-01
        14   7  1.977531E+00  8.165752E+00  6.231599E-01  3.013221E-01 -4.493670E-01  2.303893E-01
        14   8 -6.693820E-01  7.062799E+00 -5.528384E-01  3.655239E-01  4.493670E-01  1.519205E-01
        15   1 -2.806878E-01 -1.012646E+01  5.219003E-01 -3.655239E-01 -4.493670E-01 -5.764492E-01
        15   2 -2.781201E+00 -1.122942E+01 -5.076976E-01 -3.013221E-01  4.493670E-01 -6.549181E-01
        15   3 -2.523226E-01 -1.006223E+01  5.502313E-01 -5.812353E-01  4.494305E-01  1.519205E-01
        15   4 -2.753068E+00 -1.116542E+01 -4.799098E-01 -5.170335E-01 -4.494305E-01  2.303893E-01
        15   5  2.496333E-01  1.012825E+01 -5.529206E-01  3.655239E-01 -4.494305E-01 -5.764679E-01
        15   6  2.896779E+00  1.123144E+01  6.236209E-01  3.013221E-01  4.494305E-01 -6.549367E-01
        15   7  2.215010E-01  1.006066E+01 -5.810872E-01  5.812353E-01  4.493670E-01  1.519391E-01
        15   8  2.868414E+00  1.116361E+01  5.949111E-01  5.170335E-01 -4.493670E-01  2.304079E-01
        16   1 -1.761349E+00 -6.087958E+00  6.559411E-02 -3.746683E-01  0.000000E+00  1.350010E+00
        16   2 -1.813803E+00 -6.087958E+00  1.313985E-02 -3.746683E-01  1.915598E-14  1.350010E+00
        16   3 -1.761349E+00 -6.089755E+00  6.505527E-02 -3.746683E-01  1.532478E-14  2.265866E+00
        16   4 -1.813803E+00 -6.089755E+00  1.260101E-02 -3.746683E-01  3.612270E-14  2.265866E+00
        16   5  1.891998E+00  6.089863E+00  6.559411E-02  3.746683E-01  9.851645E-15  1.350010E+00
        16   6  1.839544E+00  6.089863E+00  1.313985E-02  3.746683E-01  1.833501E-14  1.350010E+00
        16   7  1.891998E+00  6.088067E+00  6.505527E-02  3.746683E-01 -5.418405E-14  2.265866E+00
        16   8  1.839544E+00  6.088067E+00  1.260101E-02  3.746683E-01  9.030674E-15  2.265866E+00
        17   1  0.000000E+00  0.000000E+00  0.000000E+00  0.000000E+00  0.000000E+00  0.000000E+00
        17   2  0.000000E+00  0.000000E+00  0.000000E+00  0.000000E+00  0.000000E+00  0.000000E+00
        17   3  0.000000E+00  0.000000E+00  0.000000E+00  0.000000E+00  0.000000E+00  0.000000E+00
        17   4  0.000000E+00  0.000000E+00  0.000000E+00  0.000000E+00  0.000000E+00  0.000000E+00
        17   5  0.000000E+00  0.000000E+00  0.000000E+00  0.000000E+00  0.000000E+00  0.000000E+00
        17   6  0.000000E+00  0.000000E+00  0.000000E+00  0.000000E+00  0.000000E+00  0.000000E+00
        17   7  0.000000E+00  0.000000E+00  0.000000E+00  0.000000E+00  0.000000E+00  0.000000E+00
        17   8  0.000000E+00  0.000000E+00  0.000000E+00  0.000000E+00  0.000000E+00  0.000000E+00
        18   1  0.000000E+00  0.000000E+00  0.000000E+00  0.000000E+00  0.000000E+00  0.000000E+00
        18   2  0.000000E+00  0.000000E+00  0.000000E+00  0.000000E+00  0.000000E+00  0.000000E+00
        18   3  0.000000E+00  0.000000E+00  0.000000E+00  0.000000E+00  0.000000E+00  0.000000E+00
        18   4  0.000000E+00  0.000000E+00  0.000000E+00  0.000000E+00  0.000000E+00  0.000000E+00
        18   5  0.000000E+00  0.000000E+00  0.000000E+00  0.000000E+00  0.000000E+00  0.000000E+00
        18   6  0.000000E+00  0.000000E+00  0.000000E+00  0.000000E+00  0.000000E+00  0.000000E+00
        18   7  0.000000E+00  0.000000E+00  0.000000E+00  0.000000E+00  0.000000E+00  0.000000E+00
        18   8  0.000000E+00  0.000000E+00  0.000000E+00  0.000000E+00  0.000000E+00  0.000000E+00
        19   1  0.000000E+00  0.000000E+00  0.000000E+00  0.000000E+00  0.000000E+00  0.000000E+00
        19   2  0.000000E+00  0.000000E+00  0.000000E+00  0.000000E+00  0.000000E+00  0.000000E+00
        19   3  0.000000E+00  0.000000E+00  0.000000E+00  0.000000E+00  0.000000E+00  0.000000E+00
        19   4  0.000000E+00  0.000000E+00  0.000000E+00  0.000000E+00  0.000000E+00  0.000000E+00
        19   5  0.000000E+00  0.000000E+00  0.000000E+00  0.000000E+00  0.000000E+00  0.000000E+00
        19   6  0.000000E+00  0.000000E+00  0.000000E+00  0.000000E+00  0.000000E+00  0.000000E+00
        19   7  0.000000E+00  0.000000E+00  0.000000E+00  0.000000E+00  0.000000E+00  0.000000E+00
        19   8  0.000000E+00  0.000000E+00  0.000000E+00  0.000000E+00  0.000000E+00  0.000000E+00
        20   1  0.000000E+00  0.000000E+00  0.000000E+00  0.000000E+00  0.000000E+00  0.000000E+00
        20   2  0.000000E+00  0.000000E+00  0.000000E+00  0.000000E+00  0.000000E+00  0.000000E+00
        20   3  0.000000E+00  0.000000E+00  0.000000E+00  0.000000E+00  0.000000E+00  0.000000E+00
        20   4  0.000000E+00  0.000000E+00  0.000000E+00  0.000000E+00  0.000000E+00  0.000000E+00
        20   5  0.000000E+00  0.000000E+00  0.000000E+00  0.000000E+00  0.000000E+00  0.000000E+00
        20   6  0.000000E+00  0.000000E+00  0.000000E+00  0.000000E+00  0.000000E+00  0.000000E+00
        20   7  0.000000E+00  0.000000E+00  0.000000E+00  0.000000E+00  0.000000E+00  0.000000E+00
        20   8  0.000000E+00  0.000000E+00  0.000000E+00  0.000000E+00  0.000000E+00  0.000000E+00
        21   1  0.000000E+00  0.000000E+00  0.000000E+00  0.000000E+00  0.000000E+00  0.000000E+00
        21   2  0.000000E+00  0.000000E+00  0.000000E+00  0.000000E+00  0.000000E+00  0.000000E+00
        21   3  0.000000E+00  0.000000E+00  0.000000E+00  0.000000E+00  0.000000E+00  0.000000E+00
        21   4  0.000000E+00  0.000000E+00  0.000000E+00  0.000000E+00  0.000000E+00  0.000000E+00
        21   5  0.000000E+00  0.000000E+00  0.000000E+00  0.000000E+00  0.000000E+00  0.000000E+00
        21   6  0.000000E+00  0.000000E+00  0.000000E+00  0.000000E+00  0.000000E+00  0.000000E+00
        21   7  0.000000E+00  0.000000E+00  0.000000E+00  0.000000E+00  0.000000E+00  0.000000E+00
        21   8  0.000000E+00  0.000000E+00  0.000000E+00  0.000000E+00  0.000000E+00  0.000000E+00
        22   1 -2.307697E+00 -2.307697E+00 -8.080808E+00 -8.838473E-14 -3.283882E-14 -8.757018E-14
        22   2  6.183455E-01  6.183455E-01 -8.080808E+00  6.912453E-14 -5.035285E-14 -3.240096E-13
        22   3 -2.307697E+00 -2.307697E+00 -8.080808E+00  2.956723E-14  2.627105E-14 -6.129912E-14
        22   4  6.183455E-01  6.183455E-01 -8.080808E+00 -7.506374E-14 -4.159583E-14 -2.539535E-13
        22   5 -2.307697E+00 -2.307697E+00 -8.080808E+00 -9.418070E-14 -1.313553E-14  2.276825E-13
        22   6  6.183455E-01  6.183455E-01 -8.080808E+00  7.309309E-14  8.319167E-14  1.050842E-13
        22   7 -2.307697E+00 -2.307697E+00 -8.080808E+00  2.434370E-14 -3.283882E-14  1.576263E-13
        22   8  6.183455E-01  6.183455E-01 -8.080808E+00 -6.453864E-14 -3.721732E-14  1.751404E-14
        23   1  0.000000E+00  0.000000E+00  0.000000E+00  0.000000E+00  0.000000E+00  0.000000E+00
        23   2  0.000000E+00  0.000000E+00  0.000000E+00  0.000000E+00  0.000000E+00  0.000000E+00
        23   3  0.000000E+00  0.000000E+00  0.000000E+00  0.000000E+00  0.000000E+00  0.000000E+00
        23   4  0.000000E+00  0.000000E+00  0.000000E+00  0.000000E+00  0.000000E+00  0.000000E+00
        23   5  0.000000E+00  0.000000E+00  0.000000E+00  0.000000E+00  0.000000E+00  0.000000E+00
        23   6  0.000000E+00  0.000000E+00  0.000000E+00  0.000000E+00  0.000000E+00  0.000000E+00
        23   7  0.000000E+00  0.000000E+00  0.000000E+00  0.000000E+00  0.000000E+00  0.000000E+00
        23   8  0.000000E+00  0.000000E+00  0.000000E+00  0.000000E+00  0.000000E+00  0.000000E+00
        24   1 -2.307697E+00 -2.307697E+00 -8.080808E+00 -3.409165E-14  1.039896E-13 -2.145469E-13
        24   2  6.183455E-01  6.183455E-01 -8.080808E+00  1.044043E-13  3.415237E-13 -4.685004E-13
        24   3 -2.307697E+00 -2.307697E+00 -8.080808E+00  5.208031E-15  5.199479E-14 -2.320610E-13
        24   4  6.183455E-01  6.183455E-01 -8.080808E+00  7.569817E-14  6.129912E-14 -3.721732E-13
        24   5 -2.307697E+00 -2.307697E+00 -8.080808E+00  5.173396E-14 -1.444908E-13  1.882759E-13
        24   6  6.183455E-01  6.183455E-01 -8.080808E+00  7.059490E-15  1.625521E-13  1.795189E-13
        24   7 -2.307697E+00 -2.307697E+00 -8.080808E+00  9.043502E-14  1.297133E-13  5.692061E-14
        24   8  6.183455E-01  6.183455E-01 -8.080808E+00 -2.645064E-14 -5.363673E-14  1.488693E-13
