
                        S T E P       1


                                INCREMENT     1


 displacements (vx,vy,vz) for set ALLN and time  0.1000000E+01

         1  2.117582E-22 -8.470329E-22  0.000000E+00
         2  7.884106E-05  0.000000E+00 -7.253345E-07
         3  4.686886E-03 -2.891206E-19 -7.989320E-04
         4  4.010227E-02  0.000000E+00 -1.618097E-03
         5 -1.056666E+00  0.000000E+00 -3.083883E-01
         6 -1.048183E+00  0.000000E+00 -3.083893E-01
         7 -8.974985E-01  0.000000E+00 -3.076192E-01
         8 -6.480625E-01  8.673617E-19 -3.067934E-01
         9 -4.381649E-02 -8.673617E-19 -1.844930E-02
        10 -3.909010E-01  0.000000E+00 -1.504856E-01
        11 -8.746273E-01  0.000000E+00 -2.862181E-01
        12 -7.601526E-02 -5.782412E-19 -3.021253E-02
        13 -4.770546E-01  0.000000E+00 -1.812963E-01
        14 -8.874131E-01  0.000000E+00 -2.928064E-01
        15 -5.780775E-02  0.000000E+00 -2.013753E-02
        16 -3.508020E-01  0.000000E+00 -1.559340E-01
        17 -7.388501E-01  0.000000E+00 -2.900216E-01
        18 -1.893781E-02  0.000000E+00 -2.159897E-02
        19 -2.351566E-01 -8.673617E-19 -1.524150E-01
        20 -5.198032E-01  0.000000E+00 -2.850160E-01
        21  1.182075E-01  7.575037E-01  2.153180E-01
        22  1.201074E-01  7.801673E-01  2.153081E-01
        23  1.674651E-01  1.211593E+00  2.157817E-01
        24  2.828560E-01  2.006441E+00  2.163135E-01
        25 -1.077919E+00  7.584754E-01 -8.422799E-01
        26 -1.071304E+00  7.812520E-01 -8.422693E-01
        27 -9.542993E-01  1.212132E+00 -8.427874E-01
        28 -7.624357E-01  2.006115E+00 -8.433081E-01
        29 -6.746883E-02  7.576420E-01  4.462781E-02
        30 -4.834080E-01  7.579872E-01 -3.130593E-01
        31 -8.958154E-01  7.583292E-01 -6.711655E-01
        32 -7.120414E-02  7.796335E-01  4.020273E-02
        33 -4.813568E-01  7.801830E-01 -3.206368E-01
        34 -8.875571E-01  7.808669E-01 -6.711344E-01
        35 -9.604994E-03  1.211977E+00  4.000924E-02
        36 -3.960845E-01  1.212440E+00 -3.142701E-01
        37 -7.799119E-01  1.212365E+00 -6.677864E-01
        38  1.158014E-01  2.006689E+00  4.236906E-02
        39 -2.416771E-01  2.006846E+00 -3.132891E-01
        40 -5.972792E-01  2.006454E+00 -6.691541E-01
        41  0.000000E+00  0.000000E+00  0.000000E+00
        42  0.000000E+00  0.000000E+00  0.000000E+00
        43  0.000000E+00  0.000000E+00  0.000000E+00
        44  0.000000E+00  0.000000E+00  0.000000E+00
        45  0.000000E+00  0.000000E+00  0.000000E+00
        46  0.000000E+00  0.000000E+00  0.000000E+00
        47  0.000000E+00  0.000000E+00  0.000000E+00
        48  0.000000E+00  0.000000E+00  0.000000E+00

 stresses (elem, integ.pnt.,sxx,syy,szz,sxy,sxz,syz) for set ALLE and time  0.1000000E+01

         1   1 -5.748392E-02 -5.748392E-02 -5.363485E-01  8.059418E-02 -7.572468E-01 -4.745940E+00
         1   2  2.009205E-02  2.009205E-02 -5.363485E-01  8.059418E-02 -7.572468E-01 -4.745940E+00
         1   3 -5.214575E-02 -5.214575E-02 -5.007607E-01  8.593235E-02  4.984453E+00  9.957600E-01
         1   4  2.543022E-02  2.543022E-02 -5.007607E-01  8.593235E-02  4.984453E+00  9.957600E-01
         1   5  1.090426E-01  1.090426E-01  5.738284E-01 -8.593235E-02 -4.585047E+00 -9.181401E-01
         1   6  1.866186E-01  1.866186E-01  5.738284E-01 -8.593235E-02 -4.585047E+00 -9.181401E-01
         1   7  1.143808E-01  1.143808E-01  6.094162E-01 -8.059418E-02  1.156653E+00  4.823560E+00
         1   8  1.919568E-01  1.919568E-01  6.094162E-01 -8.059418E-02  1.156653E+00  4.823560E+00
         2   1  9.874032E-02  9.874032E-02  3.709593E-01  1.794025E-02 -3.153849E-01 -1.237971E+00
         2   2  6.764191E-02  6.764191E-02  3.709593E-01  1.794025E-02 -3.153849E-01 -1.237971E+00
         2   3 -9.457537E-03 -9.457537E-03 -3.503597E-01 -9.025760E-02  1.262344E+00  3.397576E-01
         2   4 -4.055595E-02 -4.055595E-02 -3.503597E-01 -9.025760E-02  1.262344E+00  3.397576E-01
         2   5  2.642297E-02  2.642297E-02 -1.111563E-01  9.025760E-02 -1.367204E+00 -1.861520E-01
         2   6 -4.675442E-03 -4.675442E-03 -1.111563E-01  9.025760E-02 -1.367204E+00 -1.861520E-01
         2   7 -8.177489E-02 -8.177489E-02 -8.324754E-01 -1.794025E-02  2.105247E-01  1.391577E+00
         2   8 -1.128733E-01 -1.128733E-01 -8.324754E-01 -1.794025E-02  2.105247E-01  1.391577E+00
         3   1  7.267492E-02  7.267492E-02  3.183115E-01 -5.706053E-03 -2.929537E-02 -4.053408E-01
         3   2  6.057435E-02  6.057435E-02  3.183115E-01 -5.706053E-03 -2.929537E-02 -4.053408E-01
         3   3  1.149706E-02  1.149706E-02 -8.954087E-02 -6.688391E-02  2.415443E-01 -1.345011E-01
         3   4 -6.035062E-04 -6.035062E-04 -8.954087E-02 -6.688391E-02  2.415443E-01 -1.345011E-01
         3   5  8.495664E-05  8.495664E-05 -1.656216E-01  6.688391E-02 -2.098552E-01 -2.247810E-01
         3   6 -1.201561E-02 -1.201561E-02 -1.656216E-01  6.688391E-02 -2.098552E-01 -2.247810E-01
         3   7 -6.109290E-02 -6.109290E-02 -5.734739E-01  5.706053E-03  6.098453E-02  4.605866E-02
         3   8 -7.319346E-02 -7.319346E-02 -5.734739E-01  5.706053E-03  6.098453E-02  4.605866E-02
         4   1  1.921038E-02  1.921038E-02  2.517817E-01  1.328309E-01 -4.776369E-03 -6.884080E-02
         4   2 -3.762766E-02 -3.762766E-02  2.517817E-01  1.328309E-01 -4.776369E-03 -6.884080E-02
         4   3 -1.568679E-01 -1.568679E-01 -9.220735E-01 -4.324733E-02 -1.174338E+00 -1.238402E+00
         4   4 -2.137059E-01 -2.137059E-01 -9.220735E-01 -4.324733E-02 -1.174338E+00 -1.238402E+00
         4   5  1.087940E-01  1.087940E-01  8.490058E-01  4.324733E-02  7.749311E-01 -8.485483E-01
         4   6  5.195597E-02  5.195597E-02  8.490058E-01  4.324733E-02  7.749311E-01 -8.485483E-01
         4   7 -6.728427E-02 -6.728427E-02 -3.248494E-01 -1.328309E-01 -3.946301E-01 -2.018110E+00
         4   8 -1.241223E-01 -1.241223E-01 -3.248494E-01 -1.328309E-01 -3.946301E-01 -2.018110E+00
         5   1 -9.497343E-02 -9.497343E-02 -5.092607E-01  8.578574E-02  1.375629E-01  2.243993E-01
         5   2 -8.635416E-02 -8.635416E-02 -5.092607E-01  8.578574E-02  1.375629E-01  2.243993E-01
         5   3 -6.975637E-02 -6.975637E-02 -3.411469E-01  1.110028E-01 -3.732340E-01 -2.863976E-01
         5   4 -6.113711E-02 -6.113711E-02 -3.411469E-01  1.110028E-01 -3.732340E-01 -2.863976E-01
         5   5  1.018151E-01  1.018151E-01  8.026630E-01 -1.110028E-01  4.780942E-01 -1.161320E-01
         5   6  1.104344E-01  1.104344E-01  8.026630E-01 -1.110028E-01  4.780942E-01 -1.161320E-01
         5   7  1.270322E-01  1.270322E-01  9.707767E-01 -8.578574E-02 -3.270271E-02 -6.269289E-01
         5   8  1.356514E-01  1.356514E-01  9.707767E-01 -8.578574E-02 -3.270271E-02 -6.269289E-01
         6   1 -6.215017E-02 -6.215017E-02 -2.194603E-01 -6.843230E-02  8.303387E-02  3.088197E-01
         6   2 -4.488037E-02 -4.488037E-02 -2.194603E-01 -6.843230E-02  8.303387E-02  3.088197E-01
         6   3  5.833837E-02  5.833837E-02  5.837966E-01  5.205623E-02 -5.102369E-01 -2.844511E-01
         6   4  7.560817E-02  7.560817E-02  5.837966E-01  5.205623E-02 -5.102369E-01 -2.844511E-01
         6   5 -7.852623E-02 -7.852623E-02 -3.286341E-01 -5.205623E-02  4.785477E-01 -8.669416E-02
         6   6 -6.125643E-02 -6.125643E-02 -3.286341E-01 -5.205623E-02  4.785477E-01 -8.669416E-02
         6   7  4.196230E-02  4.196230E-02  4.746228E-01  6.843230E-02 -1.147230E-01 -6.799649E-01
         6   8  5.923210E-02  5.923210E-02  4.746228E-01  6.843230E-02 -1.147230E-01 -6.799649E-01
         7   1 -3.172552E-01 -3.288323E+00 -7.806121E-01 -8.586423E-01  1.641709E+00 -2.120914E-01
         7   2 -5.789884E-01 -3.182940E+00 -1.462525E-01 -8.120728E-01  8.925397E-01 -1.649916E-02
         7   3 -2.587375E+00 -1.448761E+01 -1.719167E+00 -5.139446E-01  4.181317E-01  6.033858E-01
         7   4  1.797422E-01 -1.336386E+01 -7.190871E-01 -7.095368E-01  3.478764E-01  5.568162E-01
         7   5  2.694476E+00  1.477700E+01  1.813326E+00 -6.709978E-01 -4.181317E-01 -6.397682E-01
         7   6 -3.361185E-02  1.365324E+01  8.169174E-01 -4.754056E-01 -3.478764E-01 -5.931987E-01
         7   7  1.675053E-01  2.978391E+00  6.179202E-01  3.845117E-01 -1.641709E+00 -5.503811E-02
         7   8  4.682674E-01  2.873008E+00 -1.276854E-02  3.379421E-01 -8.925397E-01 -2.506303E-01
         8   1 -1.109112E-01 -6.490911E-01  2.433799E-01 -1.092795E+00 -1.468589E-01  1.108235E-01
         8   2 -5.395510E-02 -8.355990E-01 -4.388672E-01 -1.096584E+00  3.269017E-01  9.491014E-02
         8   3  8.114766E-01 -7.938909E+00  1.938565E-01 -5.291282E-01  3.190625E-02  5.298076E-01
         8   4 -9.770335E-01 -8.649550E+00 -3.900344E-01 -5.132148E-01  1.562449E-01  5.335965E-01
         8   5 -7.863521E-01  7.930789E+00 -2.170321E-01 -2.020585E-01 -3.190625E-02 -7.278968E-01
         8   6  9.808808E-01  8.641430E+00  3.809398E-01 -2.179719E-01 -1.562449E-01 -7.316857E-01
         8   7  1.448345E-01  6.615014E-01 -2.577566E-01  1.649090E-01  1.468589E-01 -2.162462E-01
         8   8  6.660137E-02  8.480093E-01  4.385715E-01  1.686979E-01 -3.269017E-01 -2.003328E-01
         9   1  7.326018E-02  2.650977E+00  4.776673E-01 -1.092585E+00 -3.319886E-01  9.765889E-02
         9   2  5.001732E-02  2.404229E+00 -3.237688E-01 -1.088796E+00  9.127326E-02  1.135722E-01
         9   3  9.259495E-01  1.666364E-01  3.752455E-01 -5.172140E-01 -1.553266E-01  5.308477E-01
         9   4 -6.993121E-01 -4.682564E-01 -1.179871E-01 -5.331274E-01  9.172227E-03  5.270588E-01
         9   5 -9.300955E-01 -1.582712E-01 -3.664495E-01 -2.219711E-01  1.553266E-01 -7.344345E-01
         9   6  6.753022E-01  4.766216E-01  1.422772E-01 -2.060577E-01 -9.172227E-03 -7.306456E-01
         9   7 -8.620508E-02 -2.663143E+00 -4.776702E-01  1.726971E-01  3.319886E-01 -1.975841E-01
         9   8 -8.282615E-02 -2.416395E+00  3.392600E-01  1.689082E-01 -9.127326E-02 -2.134974E-01
        10   1  4.251739E-01  4.855855E+00  1.298326E-01 -9.433959E-01 -6.034054E-01 -1.769550E-02
        10   2  6.693761E-01  5.183728E+00  9.953384E-01 -9.899654E-01 -7.512584E-01 -2.132877E-01
        10   3  2.809797E-01  5.368706E+00  5.810955E-01 -5.782137E-01 -3.744922E-01  5.580125E-01
        10   4  9.438162E-01  5.590485E+00  6.743215E-01 -3.826215E-01 -5.930743E-01  6.045821E-01
        10   5 -4.280858E-01 -5.660044E+00 -6.799015E-01 -3.440825E-01  3.744922E-01 -5.920023E-01
        10   6 -1.056446E+00 -5.881824E+00 -7.740091E-01 -5.396747E-01  5.930743E-01 -6.385719E-01
        10   7 -3.154286E-01 -4.547874E+00  2.821278E-02  2.066190E-01  6.034054E-01 -2.518267E-01
        10   8 -5.251543E-01 -4.875747E+00 -8.381747E-01  2.531886E-01  7.512584E-01 -5.623446E-02
        11   1 -8.892314E-01 -6.078241E+00 -8.892314E-01  1.702256E+00  3.720424E+00  8.357623E-01
        11   2 -1.108491E+00 -6.078241E+00 -1.108491E+00  1.702256E+00  3.720424E+00  8.357623E-01
        11   3 -3.706536E+00 -2.486027E+01 -3.706536E+00  2.430438E-01  9.031193E-01 -6.234498E-01
        11   4 -3.925796E+00 -2.486027E+01 -3.925796E+00  2.430438E-01  9.031193E-01 -6.234498E-01
        11   5  3.734312E+00  2.474538E+01  3.734312E+00  8.042793E-01 -9.031193E-01  1.733739E+00
        11   6  3.515053E+00  2.474538E+01  3.515053E+00  8.042793E-01 -9.031193E-01  1.733739E+00
        11   7  9.170072E-01  5.963350E+00  9.170072E-01 -6.549328E-01 -3.720424E+00  2.745269E-01
        11   8  6.977477E-01  5.963350E+00  6.977477E-01 -6.549328E-01 -3.720424E+00  2.745269E-01
        12   1 -5.063143E-02  7.476811E-01 -5.063143E-02 -1.894833E+00  4.118785E-01 -1.273252E-01
        12   2  2.291958E-01  7.476811E-01  2.291958E-01 -1.894833E+00  4.118785E-01 -1.273252E-01
        12   3 -5.769240E-01 -2.760936E+00 -5.769240E-01 -1.752835E-01 -1.144140E-01  1.592225E+00
        12   4 -2.970967E-01 -2.760936E+00 -2.970967E-01 -1.752835E-01 -1.144140E-01  1.592225E+00
        12   5  2.468331E-01  2.730778E+00  2.468331E-01 -8.366488E-01  1.144140E-01 -1.185510E+00
        12   6  5.266603E-01  2.730778E+00  5.266603E-01 -8.366488E-01  1.144140E-01 -1.185510E+00
        12   7 -2.794595E-01 -7.778393E-01 -2.794595E-01  8.829010E-01 -4.118785E-01  5.340401E-01
        12   8  3.677545E-04 -7.778393E-01  3.677545E-04  8.829010E-01 -4.118785E-01  5.340401E-01
        13   1  5.576758E-01  2.355411E+00  5.576758E-01 -1.117872E+00 -1.262995E-01 -1.926260E-01
        13   2  4.335332E-01  2.355411E+00  4.335332E-01 -1.117872E+00 -1.262995E-01 -1.926260E-01
        13   3  3.447367E-01  9.358164E-01  3.447367E-01  8.238396E-01 -3.392387E-01  1.749086E+00
        13   4  2.205940E-01  9.358164E-01  2.205940E-01  8.238396E-01 -3.392387E-01  1.749086E+00
        13   5  9.213757E-02 -7.481775E-01  9.213757E-02  7.702751E-02  3.392387E-01 -1.387525E+00
        13   6 -3.200510E-02 -7.481775E-01 -3.200510E-02  7.702751E-02  3.392387E-01 -1.387525E+00
        13   7 -1.208016E-01 -2.167772E+00 -1.208016E-01  2.018739E+00  1.262995E-01  5.541861E-01
        13   8 -2.449443E-01 -2.167772E+00 -2.449443E-01  2.018739E+00  1.262995E-01  5.541861E-01
        14   1  7.399959E-01  5.067064E+00  7.399959E-01  1.702256E+00  3.291767E-02  8.357623E-01
        14   2  6.853390E-01  5.067064E+00  6.853390E-01  1.702256E+00  3.291767E-02  8.357623E-01
        14   3 -5.766859E-02 -2.506988E-01 -5.766859E-02  2.430438E-01 -7.647468E-01 -6.234498E-01
        14   4 -1.123255E-01 -2.506988E-01 -1.123255E-01  2.430438E-01 -7.647468E-01 -6.234498E-01
        14   5  8.166758E-03  1.882035E-01  8.166758E-03  8.042793E-01  7.647468E-01  1.733739E+00
        14   6 -4.649014E-02  1.882035E-01 -4.649014E-02  8.042793E-01  7.647468E-01  1.733739E+00
        14   7 -7.894977E-01 -5.129560E+00 -7.894977E-01 -6.549328E-01 -3.291767E-02  2.745269E-01
        14   8 -8.441546E-01 -5.129560E+00 -8.441546E-01 -6.549328E-01 -3.291767E-02  2.745269E-01
        15   1 -5.447337E-01 -5.131373E+00 -9.581780E-01 -5.517421E-01  8.566006E-01 -3.440246E-01
        15   2 -5.231093E-01 -4.851462E+00 -1.348756E-01 -5.134009E-01  4.622306E-01 -1.829914E-01
        15   3 -1.306801E+00 -7.506887E+00 -7.761581E-01 -1.789596E-01  6.166648E-01  3.625433E-01
        15   4  1.783183E-01 -6.915332E+00 -3.775355E-01 -3.399928E-01  4.300578E-01  3.242020E-01
        15   5  1.533926E+00  7.796805E+00  9.926271E-01 -3.082633E-01 -6.166648E-01 -6.609588E-01
        15   6 -2.474640E-02  7.205250E+00  4.913415E-01 -1.472301E-01 -4.300578E-01 -6.226176E-01
        15   7  5.603895E-01  4.927865E+00  9.631786E-01  4.717599E-01 -8.566006E-01 -2.147210E-01
        15   8  4.652127E-01  4.647954E+00  3.721302E-02  4.334187E-01 -4.622306E-01 -3.757541E-01
        16   1  3.199939E-02 -1.402945E+00  3.744116E-01 -6.845815E-01 -4.513321E-02 -5.222500E-02
        16   2 -1.889276E-01 -1.752307E+00 -5.565505E-01 -6.877010E-01  1.557218E-01 -6.532664E-02
        16   3  3.640480E-01 -4.639403E+00  1.594934E-03 -2.514018E-01 -3.785517E-02  2.760253E-01
        16   4 -4.816111E-01 -4.940685E+00 -1.443686E-01 -2.383002E-01  1.950531E-01  2.791447E-01
        16   5 -3.700710E-01  4.621376E+00 -4.738388E-02  1.787820E-02  3.785517E-02 -7.594563E-01
        16   6  4.736850E-01  4.922659E+00  1.257873E-01  4.776554E-03 -1.950531E-01 -7.625758E-01
        16   7 -3.077815E-02  1.401822E+00 -4.129563E-01  3.509001E-01  4.513321E-02 -3.215050E-01
        16   8  1.882458E-01  1.751184E+00  5.452134E-01  3.540195E-01 -1.557218E-01 -3.084034E-01
        17   1  2.026454E-01  3.282759E+00  5.849840E-01 -6.848294E-01 -1.592935E-01 -6.328681E-02
        17   2 -7.607434E-02  2.889066E+00 -4.332024E-01 -6.817100E-01  5.130707E-03 -5.018517E-02
        17   3  4.446237E-01 -1.024333E+00  1.332715E-01 -2.411717E-01 -1.942541E-01  2.771049E-01
        17   4 -2.826914E-01 -1.270970E+00  5.387138E-02 -2.542734E-01  6.820831E-02  2.739854E-01
        17   5 -4.372796E-01  1.042837E+00 -1.152721E-01  1.904980E-03  1.942541E-01 -7.646156E-01
        17   6  2.908862E-01  1.289473E+00 -5.910649E-03  1.500662E-02 -6.820831E-02 -7.614962E-01
        17   7 -2.025454E-01 -3.281159E+00 -5.742288E-01  3.568911E-01  1.592935E-01 -3.063635E-01
        17   8  7.702489E-02 -2.887466E+00  4.739189E-01  3.537716E-01 -5.130707E-03 -3.194652E-01
        18   1  4.196781E-01  6.265992E+00  1.083716E-01 -6.049038E-01 -2.600169E-01 -1.879410E-01
        18   2  8.191862E-01  6.729138E+00  1.155703E+00 -6.432450E-01 -2.309262E-01 -3.489742E-01
        18   3  1.424589E-01  1.293093E+00  2.856209E-01 -2.484900E-01 -4.576585E-01  3.291517E-01
        18   4  1.517993E-01  1.249457E+00  3.384789E-02 -8.745679E-02 -7.664222E-01  3.674929E-01
        18   5 -2.979320E-01 -1.586813E+00 -4.013281E-01 -5.572725E-02  4.576585E-01 -6.176680E-01
        18   6 -3.896960E-01 -1.543177E+00 -2.610893E-01 -2.167604E-01  7.664222E-01 -6.560092E-01
        18   7 -3.636828E-01 -6.066286E+00 -1.261026E-02  3.419159E-01  2.600169E-01 -3.807037E-01
        18   8 -8.456144E-01 -6.529432E+00 -1.171476E+00  3.802571E-01  2.309262E-01 -2.196706E-01
        19   1 -6.683692E-01 -5.663035E+00 -1.016999E+00 -3.270212E-01  3.218985E-01 -3.802818E-01
        19   2 -4.453985E-01 -5.308157E+00 -1.169405E-01 -2.963432E-01  1.647192E-01 -2.514343E-01
        19   3 -5.038939E-01 -2.806420E+00 -2.126552E-01  3.509955E-02  6.621520E-01  2.080666E-01
        19   4  1.604290E-01 -2.570651E+00 -1.509814E-01 -9.374794E-02  4.255662E-01  1.773886E-01
        19   5  6.711735E-01  3.032902E+00  3.714093E-01 -6.836018E-02 -6.621520E-01 -6.108683E-01
        19   6 -4.140312E-02  2.797133E+00  2.381893E-01  6.048731E-02 -4.255662E-01 -5.801903E-01
        19   7  6.664465E-01  5.494712E+00  1.006551E+00  4.919137E-01 -3.218985E-01 -2.768220E-01
        19   8  3.952220E-01  5.139834E+00  3.494615E-02  4.612357E-01 -1.647192E-01 -4.056695E-01
        20   1  1.195877E-01 -1.769351E+00  4.088969E-01 -3.893667E-01  1.792680E-02 -1.310280E-01
        20   2 -2.358297E-01 -2.165057E+00 -5.453107E-01 -3.918627E-01  3.715626E-02 -1.415110E-01
        20   3  7.280057E-02 -2.390801E+00 -9.781930E-02 -6.680687E-02 -7.249591E-02  1.230647E-01
        20   4 -1.311100E-01 -2.419646E+00  1.933813E-02 -5.632385E-02  1.913079E-01  1.255607E-01
        20   5 -7.490093E-02  2.377791E+00  6.390100E-02  1.486522E-01  7.249591E-02 -7.054553E-01
        20   6  1.267576E-01  2.406635E+00 -3.221605E-02  1.381692E-01 -1.913079E-01 -7.079513E-01
        20   7 -1.158917E-01  1.769865E+00 -4.370189E-01  4.391533E-01 -1.792680E-02 -3.464870E-01
        20   8  2.372737E-01  2.165571E+00  5.382291E-01  4.416493E-01 -3.715626E-02 -3.360040E-01
        21   1  2.457090E-01  3.078131E+00  5.649706E-01 -3.898586E-01 -3.970421E-02 -1.401325E-01
        21   2 -1.508821E-01  2.652220E+00 -4.499720E-01 -3.873626E-01 -4.578375E-02 -1.296495E-01
        21   3  1.057128E-01 -1.829611E+00 -2.654944E-02 -5.832797E-02 -1.908456E-01  1.241822E-01
        21   4 -1.735243E-02 -1.820492E+00  1.350816E-01 -6.881099E-02  9.309476E-02  1.216862E-01
        21   5 -1.011013E-01  1.842409E+00  3.968647E-02  1.361650E-01  1.908456E-01 -7.093298E-01
        21   6  1.848578E-02  1.833290E+00 -1.021303E-01  1.466481E-01 -9.309476E-02 -7.068338E-01
        21   7 -2.468939E-01 -3.078857E+00 -5.576299E-01  4.436534E-01  3.970421E-02 -3.346255E-01
        21   8  1.462191E-01 -2.652946E+00  4.771269E-01  4.411575E-01  4.578375E-02 -3.451085E-01
        22   1  3.691029E-01  6.151151E+00  1.091618E-01 -3.621099E-01 -1.990895E-02 -2.520970E-01
        22   2  8.489969E-01  6.617889E+00  1.129110E+00 -3.927878E-01  1.241205E-01 -3.809445E-01
        22   3  7.097408E-02 -1.432765E+00  8.261756E-02 -2.798126E-02 -4.390352E-01  1.780513E-01
        22   4 -3.155168E-01 -1.648809E+00 -3.069885E-01  1.008662E-01 -7.501936E-01  2.087293E-01
        22   5 -1.891534E-01  1.207975E+00 -1.689790E-01  1.262540E-01  4.390352E-01 -5.795276E-01
        22   6  1.530337E-01  1.424020E+00  1.530310E-01 -2.593502E-03  7.501936E-01 -6.102056E-01
        22   7 -3.180799E-01 -5.981135E+00 -2.632089E-02  3.954691E-01  1.990895E-02 -4.063322E-01
        22   8 -8.422777E-01 -6.447872E+00 -1.113865E+00  4.261470E-01 -1.241205E-01 -2.774847E-01
        23   1 -3.988122E-02 -3.988122E-02 -4.330519E-02 -1.835467E-01 -9.588509E-03 -8.314505E-02
        23   2 -1.074896E-02 -1.074896E-02 -4.330519E-02 -1.835467E-01 -9.588509E-03 -8.314505E-02
        23   3  1.397362E-01  1.397362E-01  1.154145E+00 -3.929285E-03  3.541856E-02 -3.813798E-02
        23   4  1.688685E-01  1.688685E-01  1.154145E+00 -3.929285E-03  3.541856E-02 -3.813798E-02
        23   5 -2.273573E-01 -2.273573E-01 -1.293145E+00  3.929285E-03 -3.959322E-02 -5.314034E-02
        23   6 -1.982250E-01 -1.982250E-01 -1.293145E+00  3.929285E-03 -3.959322E-02 -5.314034E-02
        23   7 -4.773979E-02 -4.773979E-02 -9.569566E-02  1.835467E-01  5.413847E-03 -8.133270E-03
        23   8 -1.860753E-02 -1.860753E-02 -9.569566E-02  1.835467E-01  5.413847E-03 -8.133270E-03
        24   1  2.295880E-01  2.295880E-01  1.191361E+00 -1.032793E-01  8.597862E-02  5.012065E-01
        24   2  1.741595E-01  1.741595E-01  1.191361E+00 -1.032793E-01  8.597862E-02  5.012065E-01
        24   3  1.786100E-01  1.786100E-01  8.515079E-01 -1.542573E-01 -2.486716E-01  1.665562E-01
        24   4  1.231816E-01  1.231816E-01  8.515079E-01 -1.542573E-01 -2.486716E-01  1.665562E-01
        24   5 -2.794864E-02 -2.794864E-02 -5.255499E-01  1.542573E-01  3.090788E-01  2.781063E-01
        24   6 -8.337710E-02 -8.337710E-02 -5.255499E-01  1.542573E-01  3.090788E-01  2.781063E-01
        24   7 -7.892659E-02 -7.892659E-02 -8.654030E-01  1.032793E-01 -2.557147E-02 -5.654394E-02
        24   8 -1.343551E-01 -1.343551E-01 -8.654030E-01  1.032793E-01 -2.557147E-02 -5.654394E-02
        25   1  1.375544E-02  1.375544E-02  3.521842E-01  3.724095E-02  6.259125E-02  2.913624E-01
        25   2  4.217996E-02  4.217996E-02  3.521842E-01  3.724095E-02  6.259125E-02  2.913624E-01
        25   3 -6.513585E-02 -6.513585E-02 -1.737577E-01 -4.165034E-02 -1.783156E-01  5.045557E-02
        25   4 -3.671133E-02 -3.671133E-02 -1.737577E-01 -4.165034E-02 -1.783156E-01  5.045557E-02
        25   5  9.346043E-03  9.346043E-03  3.227883E-01  4.165034E-02  2.231958E-01  1.307578E-01
        25   6  3.777057E-02  3.777057E-02  3.227883E-01  4.165034E-02  2.231958E-01  1.307578E-01
        25   7 -6.954525E-02 -6.954525E-02 -2.031537E-01 -3.724095E-02 -1.771102E-02 -1.101490E-01
        25   8 -4.112072E-02 -4.112072E-02 -2.031537E-01 -3.724095E-02 -1.771102E-02 -1.101490E-01
        26   1  7.373243E-02  7.373243E-02  5.540269E-01 -1.994945E-01  2.509115E-03  4.774808E-02
        26   2  1.178781E-01  1.178781E-01  5.540269E-01 -1.994945E-01  2.509115E-03  4.774808E-02
        26   3  2.005480E-01  2.005480E-01  1.399464E+00 -7.267897E-02 -2.158732E-05  4.521737E-02
        26   4  2.446937E-01  2.446937E-01  1.399464E+00 -7.267897E-02 -2.158732E-05  4.521737E-02
        26   5 -1.984411E-01 -1.984411E-01 -1.260463E+00  7.267897E-02  4.196249E-03  4.606094E-02
        26   6 -1.542954E-01 -1.542954E-01 -1.260463E+00  7.267897E-02  4.196249E-03  4.606094E-02
        26   7 -7.162551E-02 -7.162551E-02 -4.150261E-01  1.994945E-01  1.665547E-03  4.353024E-02
        26   8 -2.747982E-02 -2.747982E-02 -4.150261E-01  1.994945E-01  1.665547E-03  4.353024E-02
        27   1 -1.409225E-01 -1.409225E-01 -8.802574E-01 -1.300483E-01  1.645987E-02  4.353687E-01
        27   2 -1.274106E-01 -1.274106E-01 -8.802574E-01 -1.300483E-01  1.645987E-02  4.353687E-01
        27   3  9.671753E-02  9.671753E-02  7.040094E-01  1.075918E-01 -2.635208E-01  1.553880E-01
        27   4  1.102295E-01  1.102295E-01  7.040094E-01  1.075918E-01 -2.635208E-01  1.553880E-01
        27   5 -1.633790E-01 -1.633790E-01 -1.029967E+00 -1.075918E-01  2.031136E-01  2.487149E-01
        27   6 -1.498671E-01 -1.498671E-01 -1.029967E+00 -1.075918E-01  2.031136E-01  2.487149E-01
        27   7  7.426104E-02  7.426104E-02  5.542995E-01  1.300483E-01 -7.686702E-02 -3.126578E-02
        27   8  8.777297E-02  8.777297E-02  5.542995E-01  1.300483E-01 -7.686702E-02 -3.126578E-02
        28   1 -3.282564E-02 -3.282564E-02 -4.124819E-01  7.982283E-03  1.351668E-02  3.013686E-01
        28   2 -4.695191E-02 -4.695191E-02 -4.124819E-01  7.982283E-03  1.351668E-02  3.013686E-01
        28   3  9.887064E-03  9.887064E-03 -1.277305E-01  5.069499E-02 -2.022241E-01  8.562786E-02
        28   4 -4.239206E-03 -4.239206E-03 -1.277305E-01  5.069499E-02 -2.022241E-01  8.562786E-02
        28   5  2.585163E-02  2.585163E-02 -2.130005E-02 -5.069499E-02  1.573438E-01  1.575414E-01
        28   6  1.172536E-02  1.172536E-02 -2.130005E-02 -5.069499E-02  1.573438E-01  1.575414E-01
        28   7  6.856434E-02  6.856434E-02  2.634513E-01 -7.982283E-03 -5.839691E-02 -5.819931E-02
        28   8  5.443807E-02  5.443807E-02  2.634513E-01 -7.982283E-03 -5.839691E-02 -5.819931E-02
        29   1  3.948438E-01  3.393511E+00  5.765989E-01 -3.525510E-01 -1.270596E-01  1.379820E-01
        29   2  2.003177E-01  3.169112E+00  1.789490E-03 -3.270418E-01 -9.195705E-02  2.451204E-01
        29   3  2.597830E-01  1.196707E+00  1.413981E-01  6.375802E-02 -3.966651E-01  4.481755E-01
        29   4  5.135783E-02  1.144054E+00  1.529697E-01 -4.338034E-02 -2.470661E-01  4.226663E-01
        29   5 -1.618305E-01 -8.429866E-01 -5.053472E-02 -2.227009E-02  3.966651E-01 -2.327795E-01
        29   6  3.493799E-02 -7.903327E-01 -9.313090E-02  8.486826E-02  2.470661E-01 -2.072703E-01
        29   7 -4.375852E-01 -3.368076E+00 -6.264294E-01  3.284040E-01  1.270596E-01  2.240101E-01
        29   8 -2.547158E-01 -3.143677E+00 -8.264460E-02  3.028948E-01  9.195705E-02  1.168718E-01
        30   1 -5.857036E-02  1.310708E+00 -2.561226E-01 -3.338797E-01 -9.827262E-03  2.184268E-01
        30   2  1.341368E-01  1.538768E+00  3.149160E-01 -3.359551E-01 -3.757936E-02  2.097101E-01
        30   3 -6.139355E-02  5.478195E-01  3.321668E-02 -9.149090E-02  4.262458E-02  5.043083E-01
        30   4  1.127559E-01  5.894476E-01  1.372559E-03 -8.277413E-02 -1.094156E-01  5.063837E-01
        30   5  6.841882E-02 -3.638644E-01 -5.264844E-02  8.766608E-02 -4.262458E-02 -1.846168E-01
        30   6 -1.118697E-01 -4.054926E-01 -7.575570E-03  7.894931E-02  1.094156E-01 -1.866923E-01
        30   7  7.041536E-02 -1.115507E+00  2.415106E-01  3.550454E-01  9.827262E-03  3.926986E-02
        30   8 -1.284310E-01 -1.343567E+00 -3.162993E-01  3.571208E-01  3.757936E-02  4.798662E-02
        31   1 -1.343129E-01 -1.428260E+00 -3.157347E-01 -3.360693E-01  3.771483E-02  2.096237E-01
        31   2  5.901594E-02 -1.198351E+00  2.572108E-01 -3.339938E-01  1.142447E-02  2.183404E-01
        31   3 -1.109035E-01 -1.728995E-01 -5.354356E-04 -8.266000E-02  1.093726E-01  5.064701E-01
        31   4  5.675956E-02 -1.334640E-01 -3.683538E-02 -9.137677E-02 -4.390000E-02  5.043947E-01
        31   5  1.107852E-01  3.681006E-01  7.506300E-03  7.906345E-02 -1.093726E-01 -1.866059E-01
        31   6 -6.665050E-02  3.286650E-01  5.340147E-02  8.778021E-02  4.390000E-02 -1.845304E-01
        31   7  1.293749E-01  1.612215E+00  3.178858E-01  3.570067E-01 -3.771483E-02  4.790022E-02
        31   8 -7.372660E-02  1.382306E+00 -2.454645E-01  3.549313E-01 -1.142447E-02  3.918346E-02
        32   1 -1.960456E-01 -3.053094E+00  1.173327E-03 -3.236296E-01  8.435389E-02  2.456463E-01
        32   2 -3.992198E-01 -3.286665E+00 -5.796656E-01 -3.491387E-01  1.032938E-01  1.385079E-01
        32   3 -6.257451E-02 -7.407238E-01 -1.491678E-01 -4.679260E-02  2.488463E-01  4.221404E-01
        32   4 -2.076260E-01 -7.691336E-01 -1.042596E-01  6.034575E-02  4.045601E-01  4.476496E-01
        32   5 -2.209835E-02  7.661590E-01  9.095199E-02  8.145600E-02 -2.488463E-01 -2.077962E-01
        32   6  1.271931E-01  7.945688E-01  3.091586E-02 -2.568236E-02 -4.045601E-01 -2.333054E-01
        32   7  2.520667E-01  3.406815E+00  8.130474E-02  3.063071E-01 -8.435389E-02  1.173977E-01
        32   8  4.594808E-01  3.640386E+00  6.470158E-01  3.318162E-01 -1.032938E-01  2.245360E-01
        33   1  2.337056E-01  2.789165E+00  2.337056E-01  1.745435E+00  1.358395E-01 -5.129404E-02
        33   2  8.235004E-02  2.789165E+00  8.235004E-02  1.745435E+00  1.358395E-01 -5.129404E-02
        33   3 -4.039919E-01 -1.462151E+00 -4.039919E-01 -4.986135E-01 -5.018579E-01 -2.295342E+00
        33   4 -5.553474E-01 -1.462151E+00 -5.553474E-01 -4.986135E-01 -5.018579E-01 -2.295342E+00
        33   5 -1.323128E-01  3.490430E-01 -1.323128E-01  3.644820E-01  5.018579E-01  1.329659E+00
        33   6 -2.836683E-01  3.490430E-01 -2.836683E-01  3.644820E-01  5.018579E-01  1.329659E+00
        33   7 -7.700102E-01 -3.902273E+00 -7.700102E-01 -1.879566E+00 -1.358395E-01 -9.143896E-01
        33   8 -9.213658E-01 -3.902273E+00 -9.213658E-01 -1.879566E+00 -1.358395E-01 -9.143896E-01
        34   1  1.564710E-01  1.744091E+00  1.564710E-01 -2.492743E-01 -2.854031E-01 -4.195871E-01
        34   2  3.837812E-01  1.744091E+00  3.837812E-01 -2.492743E-01 -2.854031E-01 -4.195871E-01
        34   3  2.061286E-01  2.075142E+00  2.061286E-01  1.251094E+00 -2.357456E-01  1.080782E+00
        34   4  4.334388E-01  2.075142E+00  4.334388E-01  1.251094E+00 -2.357456E-01  1.080782E+00
        34   5 -3.646777E-01 -1.730234E+00 -3.646777E-01  6.740295E-01  2.357456E-01 -1.342891E+00
        34   6 -1.373675E-01 -1.730234E+00 -1.373675E-01  6.740295E-01  2.357456E-01 -1.342891E+00
        34   7 -3.150202E-01 -1.399183E+00 -3.150202E-01  2.174398E+00  2.854031E-01  1.574778E-01
        34   8 -8.770997E-02 -1.399183E+00 -8.770997E-02  2.174398E+00  2.854031E-01  1.574778E-01
        35   1  7.021140E-02 -7.991860E-01  7.021140E-02 -1.385112E+00  1.770963E-01 -4.397331E-01
        35   2 -6.083138E-02 -7.991860E-01 -6.083138E-02 -1.385112E+00  1.770963E-01 -4.397331E-01
        35   3  5.646094E-02 -8.908557E-01  5.646094E-02  3.374181E-01  1.633459E-01  1.282797E+00
        35   4 -7.458184E-02 -8.908557E-01 -7.458184E-02  3.374181E-01  1.633459E-01  1.282797E+00
        35   5  4.106536E-01  1.470428E+00  4.106536E-01 -3.250936E-01 -1.633459E-01 -1.499752E+00
        35   6  2.796108E-01  1.470428E+00  2.796108E-01 -3.250936E-01 -1.633459E-01 -1.499752E+00
        35   7  3.969031E-01  1.378759E+00  3.969031E-01  1.397437E+00 -1.770963E-01  2.227786E-01
        35   8  2.658603E-01  1.378759E+00  2.658603E-01  1.397437E+00 -1.770963E-01  2.227786E-01
        36   1 -6.290493E-01 -4.475265E+00 -6.290493E-01  1.745435E+00 -5.050924E-03 -5.129404E-02
        36   2 -5.706120E-01 -4.475265E+00 -5.706120E-01  1.745435E+00 -5.050924E-03 -5.129404E-02
        36   3  9.601991E-02  3.585291E-01  9.601991E-02 -4.986135E-01  7.200183E-01 -2.295342E+00
        36   4  1.544572E-01  3.585291E-01  1.544572E-01 -4.986135E-01  7.200183E-01 -2.295342E+00
        36   5  8.591806E-02  2.911835E-01  8.591806E-02  3.644820E-01 -7.200183E-01  1.329659E+00
        36   6  1.443554E-01  2.911835E-01  1.443554E-01  3.644820E-01 -7.200183E-01  1.329659E+00
        36   7  8.109872E-01  5.124978E+00  8.109872E-01 -1.879566E+00  5.050924E-03 -9.143896E-01
        36   8  8.694245E-01  5.124978E+00  8.694245E-01 -1.879566E+00  5.050924E-03 -9.143896E-01
        37   1  5.646231E-01  4.642433E+00  8.078149E-01 -2.138968E-01 -1.839480E-01  2.058394E-01
        37   2  3.105347E-01  4.348355E+00  5.712743E-02 -1.983609E-01 -1.329681E-01  2.710902E-01
        37   3  3.652502E-01  1.800820E+00  2.070157E-01  6.497986E-02 -5.180739E-01  3.427904E-01
        37   4  7.241481E-02  1.724351E+00  2.204339E-01 -2.709741E-04 -3.220222E-01  3.272545E-01
        37   5 -2.351914E-01 -1.153688E+00 -8.127446E-02  1.258587E-02  5.180739E-01 -7.193391E-02
        37   6  3.902422E-02 -1.077218E+00 -1.251081E-01  7.783671E-02  3.220222E-01 -5.639800E-02
        37   7 -5.202516E-01 -4.195238E+00 -7.677610E-01  2.008275E-01  1.839480E-01  2.582334E-01
        37   8 -2.847829E-01 -3.901160E+00 -4.748890E-02  1.852916E-01  1.329681E-01  1.929825E-01
        38   1 -9.711809E-02  1.748505E+00 -3.475899E-01 -1.846245E-01 -9.888422E-03  2.181015E-01
        38   2  1.871928E-01  2.042055E+00  4.274492E-01 -1.858885E-01 -5.583438E-02  2.127927E-01
        38   3 -1.187848E-01  7.299995E-01  2.341761E-02 -4.747275E-02  5.393432E-02  4.137086E-01
        38   4  1.838158E-01  7.989184E-01  3.139800E-02 -4.216395E-02 -1.417654E-01  4.149726E-01
        38   5  8.061632E-02 -4.800639E-01 -7.769934E-02  6.163984E-02 -5.393432E-02 -5.869826E-03
        38   6 -1.470309E-01 -5.489829E-01  1.069349E-03  5.633104E-02  1.417654E-01 -7.133826E-03
        38   7  6.188494E-02 -1.491721E+00  2.962436E-01  2.349539E-01  9.888422E-03  1.089889E-01
        38   8 -1.474725E-01 -1.785270E+00 -3.920465E-01  2.362179E-01  5.583438E-02  1.142977E-01
        39   1 -1.864945E-01 -1.927637E+00 -4.269429E-01 -1.859517E-01  5.592777E-02  2.127600E-01
        39   2  9.419253E-02 -1.633310E+00  3.448563E-01 -1.846877E-01  1.075173E-02  2.180688E-01
        39   3 -1.820323E-01 -5.381622E-01 -3.021527E-02 -4.210079E-02  1.417735E-01  4.150053E-01
        39   4  1.133151E-01 -4.703982E-01 -2.828656E-02 -4.740959E-02 -5.444460E-02  4.137413E-01
        39   5  1.472456E-01  5.011436E-01 -2.539264E-04  5.639419E-02 -1.417735E-01 -7.101097E-03
        39   6 -8.260377E-02  4.333795E-01  7.511109E-02  6.170300E-02  5.444460E-02 -5.837097E-03
        39   7  1.487724E-01  1.883769E+00  3.935384E-01  2.361547E-01 -5.592777E-02  1.142650E-01
        39   8 -6.641659E-02  1.589442E+00 -3.009672E-01  2.348907E-01 -1.075173E-02  1.089562E-01
        40   1 -3.047719E-01 -4.233687E+00 -5.704352E-02 -1.958360E-01  1.275306E-01  2.704485E-01
        40   2 -5.433919E-01 -4.527487E+00 -7.809049E-01 -2.113720E-01  1.676726E-01  2.051976E-01
        40   3 -7.911104E-02 -1.472300E+00 -2.148960E-01 -2.795809E-03  3.210715E-01  3.278962E-01
        40   4 -3.119341E-01 -1.532513E+00 -1.659338E-01  6.245503E-02  5.169377E-01  3.434321E-01
        40   5 -2.810465E-02  1.038085E+00  1.237936E-01  7.531187E-02 -3.210715E-01 -5.575625E-02
        40   6  2.274659E-01  1.098298E+00  8.578302E-02  1.006104E-02 -5.169377E-01 -7.129216E-02
        40   7  2.832435E-01  3.999409E+00  5.162833E-02  1.878164E-01 -1.275306E-01  1.923408E-01
        40   8  5.446109E-01  4.293208E+00  7.864415E-01  2.033523E-01 -1.676726E-01  2.575916E-01
        41   1  5.100303E-01  4.038056E+00  7.367008E-01 -1.048847E-01 -2.453368E-01  1.824686E-01
        41   2  2.980457E-01  3.785142E+00  6.525613E-02 -9.557867E-02 -1.679041E-01  2.215542E-01
        41   3  4.550751E-01  2.234843E+00  2.819272E-01  8.957884E-02 -4.574821E-01  2.355750E-01
        41   4  7.121396E-02  2.118694E+00  2.382429E-01  5.049331E-02 -2.888727E-01  2.262690E-01
        41   5 -3.236023E-01 -1.798595E+00 -1.530405E-01  5.819462E-02  4.574821E-01 -1.284659E-02
        41   6  2.340968E-02 -1.682446E+00 -1.532711E-01  9.728015E-02  2.888727E-01 -3.540511E-03
        41   7 -4.298845E-01 -3.721571E+00 -6.591413E-01  1.435369E-01  2.453368E-01  2.138529E-01
        41   8 -2.547491E-01 -3.468657E+00 -3.161143E-02  1.342308E-01  1.679041E-01  1.747673E-01
        42   1 -7.713652E-02  1.453302E+00 -3.093755E-01 -6.792317E-02  1.708814E-03  1.691361E-01
        42   2  1.581778E-01  1.708114E+00  3.842978E-01 -6.868031E-02 -7.182572E-02  1.659561E-01
        42   3 -1.626605E-01  8.292609E-01  6.404019E-04  2.791881E-03  4.257885E-02  2.987330E-01
        42   4  2.273435E-01  9.395627E-01  5.792353E-02  5.971876E-03 -1.272958E-01  2.994901E-01
        42   5  1.191858E-01 -7.487493E-01 -5.376702E-02  6.815078E-02 -4.257885E-02  4.740373E-02
        42   6 -1.947366E-01 -8.590511E-01 -2.790287E-02  6.497079E-02  1.272958E-01  4.664659E-02
        42   7  3.542009E-02 -1.368688E+00  2.580072E-01  1.834061E-01 -1.708814E-03  1.037772E-01
        42   8 -1.238127E-01 -1.623500E+00 -3.525188E-01  1.841632E-01  7.182572E-02  1.069571E-01
        43   1 -1.590681E-01 -1.813482E+00 -3.855252E-01 -6.874062E-02  7.189757E-02  1.659106E-01
        43   2  8.034414E-02 -1.557697E+00  3.129204E-01 -6.798348E-02 -8.651301E-04  1.690906E-01
        43   3 -2.271624E-01 -8.835502E-01 -5.827948E-02  6.032186E-03  1.272735E-01  2.995356E-01
        43   4  1.631879E-01 -7.744062E-01  4.240609E-04  2.852191E-03 -4.324996E-02  2.987784E-01
        43   5  1.933666E-01  6.743611E-01  2.706993E-02  6.503110E-02 -1.272735E-01  4.669202E-02
        43   6 -1.152762E-01  5.652170E-01  5.713954E-02  6.821109E-02  4.324996E-02  4.744916E-02
        43   7  1.235140E-01  1.600191E+00  3.525574E-01  1.841029E-01 -7.189757E-02  1.069117E-01
        43   8 -3.419073E-02  1.344405E+00 -2.571151E-01  1.833458E-01  8.651301E-04  1.037317E-01
        44   1 -2.974483E-01 -3.887639E+00 -6.542258E-02 -9.376632E-02  1.638686E-01  2.218185E-01
        44   2 -5.304515E-01 -4.145322E+00 -7.563581E-01 -1.030724E-01  2.327331E-01  1.827329E-01
        44   3 -7.885752E-02 -2.069687E+00 -2.378934E-01  4.868097E-02  2.897852E-01  2.260046E-01
        44   4 -4.456119E-01 -2.172983E+00 -2.804570E-01  8.776650E-02  4.615739E-01  2.353107E-01
        44   5 -1.827898E-02  1.504761E+00  1.504088E-01  9.546780E-02 -2.897852E-01 -3.804829E-03
        44   6  2.870130E-01  1.608058E+00  1.244443E-01  5.638227E-02 -4.615739E-01 -1.311091E-02
        44   7  2.516388E-01  3.442477E+00  2.926502E-02  1.360431E-01 -1.638686E-01  1.750316E-01
        44   8  4.231796E-01  3.700160E+00  6.516724E-01  1.453492E-01 -2.327331E-01  2.141172E-01
        45   1  2.765160E+00  3.661217E-01  3.661217E-01  6.326014E-01  1.962445E+00  4.576308E-02
        45   2  2.765160E+00  3.803373E-01  3.803373E-01  6.326014E-01  1.962445E+00  4.576308E-02
        45   3  4.385328E-01  1.712761E-02  1.712761E-02 -1.075775E+00  2.540685E-01 -3.032310E-01
        45   4  4.385328E-01  3.134321E-02  3.134321E-02 -1.075775E+00  2.540685E-01 -3.032310E-01
        45   5  1.048707E+00  1.086538E-01  1.086538E-01  2.340978E+00  2.540685E-01  3.032310E-01
        45   6  1.048707E+00  1.228694E-01  1.228694E-01  2.340978E+00  2.540685E-01  3.032310E-01
        45   7 -1.277920E+00 -2.403403E-01 -2.403403E-01  6.326014E-01 -1.454308E+00 -4.576308E-02
        45   8 -1.277920E+00 -2.261247E-01 -2.261247E-01  6.326014E-01 -1.454308E+00 -4.576308E-02
        46   1 -1.764726E+00 -2.474786E-01 -2.474786E-01  1.908358E-01  1.295959E+00  1.633184E-12
        46   2 -1.764726E+00 -2.857801E-01 -2.857801E-01  1.908358E-01  1.295959E+00  1.606913E-12
        46   3 -6.907331E-01 -8.637964E-02 -8.637964E-02 -1.088817E+00  1.630589E-02  1.610990E-01
        46   4 -6.907331E-01 -1.246811E-01 -1.246811E-01 -1.088817E+00  1.630589E-02  1.610990E-01
        46   5 -6.907331E-01 -8.637964E-02 -8.637964E-02  1.470489E+00  1.630589E-02 -1.610990E-01
        46   6 -6.907331E-01 -1.246811E-01 -1.246811E-01  1.470489E+00  1.630589E-02 -1.610990E-01
        46   7  3.832600E-01  7.471932E-02  7.471932E-02  1.908358E-01 -1.263347E+00 -1.628805E-12
        46   8  3.832600E-01  3.641788E-02  3.641788E-02  1.908358E-01 -1.263347E+00 -1.628805E-12
        47   1  6.765440E-01  7.885064E-02  7.885064E-02  1.314240E-01  1.866905E+00 -4.576308E-02
        47   2  6.765440E-01  3.364907E-02  3.364907E-02  1.314240E-01  1.866905E+00 -4.576308E-02
        47   3  2.522003E-01  1.519909E-02  1.519909E-02 -2.005855E+00 -2.703744E-01 -1.094146E-01
        47   4  2.522003E-01 -3.000247E-02 -3.000247E-02 -2.005855E+00 -2.703744E-01 -1.094146E-01
        47   5 -3.579741E-01 -7.632707E-02 -7.632707E-02  2.268703E+00 -2.703744E-01  1.094146E-01
        47   6 -3.579741E-01 -1.215286E-01 -1.215286E-01  2.268703E+00 -2.703744E-01  1.094146E-01
        47   7 -7.823177E-01 -1.399786E-01 -1.399786E-01  1.314240E-01 -2.407654E+00  4.576308E-02
        47   8 -7.823177E-01 -1.851802E-01 -1.851802E-01  1.314240E-01 -2.407654E+00  4.576308E-02
        48   1  0.000000E+00  0.000000E+00  0.000000E+00  0.000000E+00  0.000000E+00  0.000000E+00
        48   2  0.000000E+00  0.000000E+00  0.000000E+00  0.000000E+00  0.000000E+00  0.000000E+00
        48   3  0.000000E+00  0.000000E+00  0.000000E+00  0.000000E+00  0.000000E+00  0.000000E+00
        48   4  0.000000E+00  0.000000E+00  0.000000E+00  0.000000E+00  0.000000E+00  0.000000E+00
        48   5  0.000000E+00  0.000000E+00  0.000000E+00  0.000000E+00  0.000000E+00  0.000000E+00
        48   6  0.000000E+00  0.000000E+00  0.000000E+00  0.000000E+00  0.000000E+00  0.000000E+00
        48   7  0.000000E+00  0.000000E+00  0.000000E+00  0.000000E+00  0.000000E+00  0.000000E+00
        48   8  0.000000E+00  0.000000E+00  0.000000E+00  0.000000E+00  0.000000E+00  0.000000E+00
        49   1  0.000000E+00  0.000000E+00  0.000000E+00  0.000000E+00  0.000000E+00  0.000000E+00
        49   2  0.000000E+00  0.000000E+00  0.000000E+00  0.000000E+00  0.000000E+00  0.000000E+00
        49   3  0.000000E+00  0.000000E+00  0.000000E+00  0.000000E+00  0.000000E+00  0.000000E+00
        49   4  0.000000E+00  0.000000E+00  0.000000E+00  0.000000E+00  0.000000E+00  0.000000E+00
        49   5  0.000000E+00  0.000000E+00  0.000000E+00  0.000000E+00  0.000000E+00  0.000000E+00
        49   6  0.000000E+00  0.000000E+00  0.000000E+00  0.000000E+00  0.000000E+00  0.000000E+00
        49   7  0.000000E+00  0.000000E+00  0.000000E+00  0.000000E+00  0.000000E+00  0.000000E+00
        49   8  0.000000E+00  0.000000E+00  0.000000E+00  0.000000E+00  0.000000E+00  0.000000E+00
        50   1  0.000000E+00  0.000000E+00  0.000000E+00  0.000000E+00  0.000000E+00  0.000000E+00
        50   2  0.000000E+00  0.000000E+00  0.000000E+00  0.000000E+00  0.000000E+00  0.000000E+00
        50   3  0.000000E+00  0.000000E+00  0.000000E+00  0.000000E+00  0.000000E+00  0.000000E+00
        50   4  0.000000E+00  0.000000E+00  0.000000E+00  0.000000E+00  0.000000E+00  0.000000E+00
        50   5  0.000000E+00  0.000000E+00  0.000000E+00  0.000000E+00  0.000000E+00  0.000000E+00
        50   6  0.000000E+00  0.000000E+00  0.000000E+00  0.000000E+00  0.000000E+00  0.000000E+00
        50   7  0.000000E+00  0.000000E+00  0.000000E+00  0.000000E+00  0.000000E+00  0.000000E+00
        50   8  0.000000E+00  0.000000E+00  0.000000E+00  0.000000E+00  0.000000E+00  0.000000E+00
        51   1  0.000000E+00  0.000000E+00  0.000000E+00  0.000000E+00  0.000000E+00  0.000000E+00
        51   2  0.000000E+00  0.000000E+00  0.000000E+00  0.000000E+00  0.000000E+00  0.000000E+00
        51   3  0.000000E+00  0.000000E+00  0.000000E+00  0.000000E+00  0.000000E+00  0.000000E+00
        51   4  0.000000E+00  0.000000E+00  0.000000E+00  0.000000E+00  0.000000E+00  0.000000E+00
        51   5  0.000000E+00  0.000000E+00  0.000000E+00  0.000000E+00  0.000000E+00  0.000000E+00
        51   6  0.000000E+00  0.000000E+00  0.000000E+00  0.000000E+00  0.000000E+00  0.000000E+00
        51   7  0.000000E+00  0.000000E+00  0.000000E+00  0.000000E+00  0.000000E+00  0.000000E+00
        51   8  0.000000E+00  0.000000E+00  0.000000E+00  0.000000E+00  0.000000E+00  0.000000E+00
